   5.1448304e-02  -1.9546746e+00   1.5982645e-02
   5.1519703e-02  -1.9546837e+00   1.5931729e-02
   5.1551513e-02  -1.9546620e+00   1.5810991e-02
   5.1377613e-02  -1.9545653e+00   1.5949609e-02
   5.1447924e-02  -1.9545926e+00   1.5929682e-02
   5.1447924e-02  -1.9545926e+00   1.5929682e-02
   5.1608108e-02  -1.9546062e+00   1.5841153e-02
   5.1671512e-02  -1.9547174e+00   1.5851026e-02
   5.1514156e-02  -1.9547333e+00   1.5602320e-02
   5.1541369e-02  -1.9547273e+00   1.5627159e-02
   5.1494747e-02  -1.9546669e+00   1.5572300e-02
   5.1488426e-02  -1.9546477e+00   1.5552718e-02
   5.1488426e-02  -1.9546477e+00   1.5552718e-02
   5.1488426e-02  -1.9546477e+00   1.5552718e-02
   5.1495362e-02  -1.9547158e+00   1.5637847e-02
   5.1502950e-02  -1.9547372e+00   1.5677894e-02
   5.1403966e-02  -1.9546363e+00   1.5744429e-02
   5.1417548e-02  -1.9545838e+00   1.5694639e-02
   5.1489834e-02  -1.9546080e+00   1.5714087e-02
   5.1536627e-02  -1.9547124e+00   1.5773604e-02
   5.1507320e-02  -1.9548526e+00   1.5799999e-02
   5.1462065e-02  -1.9550655e+00   1.5853755e-02
   5.1462065e-02  -1.9550655e+00   1.5853755e-02
   5.0708283e-02  -1.9554427e+00   1.7815363e-02
   4.8497219e-02  -1.9621294e+00   5.3552233e-02
   4.6843749e-02  -1.9650108e+00   7.0007563e-02
   4.6843749e-02  -1.9650108e+00   7.0007563e-02
   4.0156912e-02  -1.9733390e+00   1.1970076e-01
   3.4544080e-02  -1.9803094e+00   1.5943320e-01
   3.2494608e-02  -1.9829539e+00   1.7407827e-01
   2.7715834e-02  -1.9883965e+00   2.0427322e-01
   2.2595806e-02  -1.9942944e+00   2.3384526e-01
   1.2359473e-02  -2.0049603e+00   2.8417671e-01
   7.3470362e-03  -2.0099800e+00   3.0593929e-01
   3.7687127e-03  -2.0136118e+00   3.2065800e-01
  -9.0403180e-04  -2.0182543e+00   3.3904392e-01
  -2.0002259e-03  -2.0193224e+00   3.4339529e-01
  -8.1176953e-03  -2.0252109e+00   3.6737084e-01
  -1.1626855e-02  -2.0285707e+00   3.8186571e-01
  -1.3814089e-02  -2.0306582e+00   3.9194402e-01
  -1.7905513e-02  -2.0347168e+00   4.1367894e-01
  -1.9190244e-02  -2.0364931e+00   4.2463002e-01
  -1.9820241e-02  -2.0375435e+00   4.3274230e-01
  -1.9987890e-02  -2.0383806e+00   4.4026104e-01
  -1.9643435e-02  -2.0392141e+00   4.4971570e-01
  -1.8573582e-02  -2.0397720e+00   4.5896119e-01
  -1.6644394e-02  -2.0398943e+00   4.7055930e-01
  -1.4915034e-02  -2.0399091e+00   4.7715673e-01
  -1.2245353e-02  -2.0395832e+00   4.8541582e-01
  -7.9898722e-03  -2.0377858e+00   4.9623030e-01
  -7.2134892e-03  -2.0374339e+00   4.9789464e-01
  -2.5025455e-03  -2.0347409e+00   5.0760907e-01
  -2.6951288e-04  -2.0330775e+00   5.1152742e-01
   2.9787142e-03  -2.0307670e+00   5.1648545e-01
   5.9058359e-03  -2.0280538e+00   5.2168149e-01
   5.9058359e-03  -2.0280538e+00   5.2168149e-01
   1.1555241e-02  -2.0226591e+00   5.2862674e-01
   1.3316261e-02  -2.0206139e+00   5.3022039e-01
   1.4801741e-02  -2.0187862e+00   5.3126037e-01
   1.6359216e-02  -2.0172484e+00   5.3166896e-01
   1.7565738e-02  -2.0154655e+00   5.3228170e-01
   1.9006127e-02  -2.0130982e+00   5.3309464e-01
   1.9006127e-02  -2.0130982e+00   5.3309464e-01
   1.9006127e-02  -2.0130982e+00   5.3309464e-01
   2.0734712e-02  -2.0093081e+00   5.3368413e-01
   2.1235002e-02  -2.0083003e+00   5.3165305e-01
   2.1556297e-02  -2.0076907e+00   5.3069079e-01
   2.1709437e-02  -2.0061808e+00   5.3162861e-01
   2.1709437e-02  -2.0061808e+00   5.3162861e-01
   2.2096416e-02  -2.0057995e+00   5.3095239e-01
   2.2096416e-02  -2.0057995e+00   5.3095239e-01
   2.1955034e-02  -2.0045488e+00   5.3305882e-01
   2.2009045e-02  -2.0054128e+00   5.3270561e-01
   2.2250066e-02  -2.0070167e+00   5.3262240e-01
   2.2570325e-02  -2.0086515e+00   5.3342175e-01
   2.2983359e-02  -2.0113156e+00   5.3491944e-01
   2.3087094e-02  -2.0124617e+00   5.3643858e-01
   2.2955032e-02  -2.0143335e+00   5.3948259e-01
   2.2812145e-02  -2.0164311e+00   5.4316771e-01
   2.2486204e-02  -2.0174527e+00   5.4644507e-01
   2.2682477e-02  -2.0189164e+00   5.4769802e-01
   2.2704400e-02  -2.0197809e+00   5.4821223e-01
   2.2476641e-02  -2.0207410e+00   5.4926729e-01
   2.2223728e-02  -2.0216079e+00   5.4951501e-01
   2.2006758e-02  -2.0220478e+00   5.4918158e-01
   2.1823745e-02  -2.0222633e+00   5.4886597e-01
   2.1446908e-02  -2.0225036e+00   5.4789215e-01
   2.1068757e-02  -2.0224652e+00   5.4679370e-01
   2.0733979e-02  -2.0222490e+00   5.4540640e-01
   2.0225020e-02  -2.0216863e+00   5.4362798e-01
   1.9928947e-02  -2.0209925e+00   5.4138005e-01
   1.9567994e-02  -2.0203631e+00   5.4021764e-01
   1.9155119e-02  -2.0196126e+00   5.3897405e-01
   1.8473843e-02  -2.0185382e+00   5.3755379e-01
   1.7341742e-02  -2.0166137e+00   5.3913790e-01
   1.7341742e-02  -2.0166137e+00   5.3913790e-01
   1.7341742e-02  -2.0166137e+00   5.3913790e-01
   1.6473964e-02  -2.0136356e+00   5.3585327e-01
   1.6473964e-02  -2.0136356e+00   5.3585327e-01
   1.6473964e-02  -2.0136356e+00   5.3585327e-01
   1.5696425e-02  -2.0086389e+00   5.3323811e-01
   1.5344426e-02  -2.0068686e+00   5.3351551e-01
   1.5075210e-02  -2.0047214e+00   5.3385788e-01
   1.4948459e-02  -2.0034735e+00   5.3444380e-01
   1.4912859e-02  -2.0018311e+00   5.3537881e-01
   1.4874567e-02  -2.0004530e+00   5.3719717e-01
   1.4956858e-02  -1.9994683e+00   5.3796935e-01
   1.5100692e-02  -1.9986583e+00   5.3891444e-01
   1.5296450e-02  -1.9977010e+00   5.4047275e-01
   1.5547308e-02  -1.9970356e+00   5.4113030e-01
   1.5707122e-02  -1.9965147e+00   5.4131436e-01
   1.5851736e-02  -1.9962558e+00   5.4114956e-01
   1.5881894e-02  -1.9960170e+00   5.4032224e-01
   1.5881894e-02  -1.9960170e+00   5.4032224e-01
   1.5732400e-02  -1.9959888e+00   5.3834963e-01
   1.5286986e-02  -1.9961864e+00   5.3673363e-01
   1.4982664e-02  -1.9963188e+00   5.3601789e-01
   1.4520175e-02  -1.9966826e+00   5.3453761e-01
   1.4163974e-02  -1.9969275e+00   5.3361350e-01
   1.3510164e-02  -1.9973942e+00   5.3191495e-01
   1.3107482e-02  -1.9977779e+00   5.3049809e-01
   1.2707580e-02  -1.9981765e+00   5.2926284e-01
   1.2305505e-02  -1.9985422e+00   5.2900720e-01
   1.2183032e-02  -1.9988559e+00   5.2878529e-01
   1.2121599e-02  -1.9992687e+00   5.2903175e-01
   1.2069334e-02  -1.9998308e+00   5.3140599e-01
   1.2061271e-02  -2.0000463e+00   5.3229249e-01
   1.1985124e-02  -2.0006397e+00   5.3489727e-01
   1.2138719e-02  -2.0012431e+00   5.3799725e-01
   1.2387364e-02  -2.0016685e+00   5.4004246e-01
   1.2837645e-02  -2.0024168e+00   5.4317838e-01
   1.3188565e-02  -2.0028391e+00   5.4498321e-01
   1.3607766e-02  -2.0034134e+00   5.4696304e-01
   1.4218572e-02  -2.0042706e+00   5.4793829e-01
   1.4632006e-02  -2.0049415e+00   5.4777277e-01
   1.5068495e-02  -2.0056620e+00   5.4694575e-01
   1.5385673e-02  -2.0061531e+00   5.4608786e-01
   1.5719594e-02  -2.0068212e+00   5.4395145e-01
   1.5821863e-02  -2.0073118e+00   5.4224896e-01
   1.5821863e-02  -2.0073118e+00   5.4224896e-01
   1.5884351e-02  -2.0080366e+00   5.4043078e-01
   1.5891882e-02  -2.0083816e+00   5.4045671e-01
   1.5871707e-02  -2.0087075e+00   5.4089659e-01
   1.5721167e-02  -2.0088639e+00   5.4322875e-01
   1.5665779e-02  -2.0088966e+00   5.4459900e-01
   1.5641492e-02  -2.0086920e+00   5.4837221e-01
   1.5779348e-02  -2.0086763e+00   5.4919940e-01
   1.5809661e-02  -2.0085516e+00   5.5018109e-01
   1.5997523e-02  -2.0085840e+00   5.4983008e-01
   1.6097339e-02  -2.0086133e+00   5.4879904e-01
   1.6150292e-02  -2.0086751e+00   5.4792744e-01
   1.6145248e-02  -2.0088270e+00   5.4641747e-01
   1.6117495e-02  -2.0090678e+00   5.4440421e-01
   1.6069960e-02  -2.0092361e+00   5.4245991e-01
   1.5990790e-02  -2.0093510e+00   5.4096460e-01
   1.5078000e-02  -2.0097003e+00   5.3555137e-01
   1.5078000e-02  -2.0097003e+00   5.3555137e-01
   1.3752499e-02  -2.0099504e+00   5.3285736e-01
   1.3002360e-02  -2.0101316e+00   5.3180820e-01
   1.1826582e-02  -2.0103493e+00   5.3038925e-01
   9.6682794e-03  -2.0104187e+00   5.2935141e-01
   8.3122691e-03  -2.0104988e+00   5.2884459e-01
   7.2446577e-03  -2.0104799e+00   5.2898073e-01
   3.6864900e-03  -2.0106442e+00   5.2912492e-01
   2.0290934e-03  -2.0106504e+00   5.2962667e-01
  -8.9621532e-04  -2.0106888e+00   5.3136933e-01
  -2.7550058e-03  -2.0106866e+00   5.3204244e-01
  -6.0430649e-03  -2.0105908e+00   5.3268629e-01
  -7.9031987e-03  -2.0106046e+00   5.3262454e-01
  -1.0841138e-02  -2.0106883e+00   5.3311151e-01
  -1.3272159e-02  -2.0106566e+00   5.3379351e-01
  -1.4860568e-02  -2.0106652e+00   5.3389239e-01
  -1.6847504e-02  -2.0106356e+00   5.3430802e-01
  -1.8988170e-02  -2.0105708e+00   5.3593111e-01
  -2.0169979e-02  -2.0104151e+00   5.3704405e-01
  -2.1886639e-02  -2.0101478e+00   5.3812629e-01
  -2.2656944e-02  -2.0099056e+00   5.3865701e-01
  -2.3848442e-02  -2.0093830e+00   5.4099238e-01
  -2.4596477e-02  -2.0089915e+00   5.4366791e-01
  -2.4587167e-02  -2.0086422e+00   5.4339403e-01
  -2.5069395e-02  -2.0080092e+00   5.4654676e-01
  -2.3975799e-02  -2.0071828e+00   5.4178387e-01
  -2.2561997e-02  -2.0061646e+00   5.3647470e-01
  -2.1991504e-02  -2.0058439e+00   5.3491789e-01
  -2.0828703e-02  -2.0052147e+00   5.3222936e-01
  -1.9892562e-02  -2.0046611e+00   5.3048050e-01
  -1.8389566e-02  -2.0038717e+00   5.2790654e-01
  -1.5678443e-02  -2.0028532e+00   5.2658588e-01
  -1.4334494e-02  -2.0024071e+00   5.2633923e-01
  -1.2362137e-02  -2.0017693e+00   5.2736318e-01
  -1.1291360e-02  -2.0014689e+00   5.2813262e-01
  -8.6547220e-03  -2.0007334e+00   5.3015929e-01
  -5.9814677e-03  -2.0000701e+00   5.3290331e-01
  -4.4020233e-03  -1.9997411e+00   5.3398335e-01
  -1.6943455e-03  -1.9992776e+00   5.3576821e-01
   7.6804124e-04  -1.9990139e+00   5.3654963e-01
   2.5018314e-03  -1.9987650e+00   5.3793830e-01
   5.1754140e-03  -1.9985704e+00   5.3883302e-01
   7.1805846e-03  -1.9982761e+00   5.3938562e-01
   8.7042339e-03  -1.9981675e+00   5.3972417e-01
   1.0054801e-02  -1.9980744e+00   5.4109395e-01
   1.3219605e-02  -1.9981829e+00   5.3688008e-01
   1.4095952e-02  -1.9982630e+00   5.3546786e-01
   1.6628934e-02  -1.9984810e+00   5.3120291e-01
   1.7864648e-02  -1.9986984e+00   5.2811229e-01
   1.9846857e-02  -1.9991711e+00   5.2285892e-01
   2.0110628e-02  -1.9991974e+00   5.2240509e-01
   2.1891186e-02  -1.9999708e+00   5.1668257e-01
   2.2436971e-02  -2.0002480e+00   5.1623046e-01
   2.3844110e-02  -2.0014153e+00   5.1601499e-01
   2.4420990e-02  -2.0020206e+00   5.1677173e-01
   2.5083039e-02  -2.0026555e+00   5.1875347e-01
   2.5508260e-02  -2.0031407e+00   5.2078164e-01
   2.5531629e-02  -2.0032551e+00   5.2164984e-01
   2.5936101e-02  -2.0041006e+00   5.2702963e-01
   2.5936101e-02  -2.0041006e+00   5.2702963e-01
   2.6899789e-02  -2.0054061e+00   5.3470534e-01
   2.7612235e-02  -2.0061183e+00   5.3971213e-01
   2.8357552e-02  -2.0068581e+00   5.4328561e-01
   2.8902626e-02  -2.0075982e+00   5.4728818e-01
   2.9307062e-02  -2.0079832e+00   5.4944658e-01
   2.9314145e-02  -2.0082707e+00   5.5134630e-01
   2.9387509e-02  -2.0084960e+00   5.5290622e-01
   2.9323708e-02  -2.0086527e+00   5.5362481e-01
   2.9266277e-02  -2.0086181e+00   5.5341446e-01
   2.9154891e-02  -2.0085104e+00   5.5274945e-01
   2.8847583e-02  -2.0082569e+00   5.5147529e-01
   2.8689971e-02  -2.0080574e+00   5.5041260e-01
   2.8528202e-02  -2.0079939e+00   5.5035931e-01
   2.8313035e-02  -2.0075517e+00   5.4851311e-01
   2.7909074e-02  -2.0070672e+00   5.4622459e-01
   2.7909074e-02  -2.0070672e+00   5.4622459e-01
   2.7909074e-02  -2.0070672e+00   5.4622459e-01
   2.6992908e-02  -2.0055511e+00   5.4266280e-01
   2.6878826e-02  -2.0047131e+00   5.4010195e-01
   2.6222087e-02  -2.0038159e+00   5.3956640e-01
   2.6222087e-02  -2.0038159e+00   5.3956640e-01
   2.5416078e-02  -2.0021889e+00   5.3855294e-01
   2.5004098e-02  -2.0012047e+00   5.3670734e-01
   2.4523338e-02  -2.0006437e+00   5.3807849e-01
   2.4275236e-02  -1.9995358e+00   5.3845012e-01
   2.4342041e-02  -1.9991729e+00   5.3779572e-01
   2.4163118e-02  -1.9982011e+00   5.3731292e-01
   2.4451150e-02  -1.9974741e+00   5.3445935e-01
   2.4352275e-02  -1.9970789e+00   5.3318721e-01
   2.3968494e-02  -1.9965161e+00   5.3111905e-01
   2.3928516e-02  -1.9963924e+00   5.3011751e-01
   2.4004245e-02  -1.9961712e+00   5.2851045e-01
   2.4066610e-02  -1.9960365e+00   5.2775639e-01
   2.3975734e-02  -1.9959271e+00   5.2802247e-01
   2.4063822e-02  -1.9959176e+00   5.2972782e-01
   2.4722233e-02  -1.9960483e+00   5.3337640e-01
   2.5432292e-02  -1.9962262e+00   5.3554112e-01
   2.5677871e-02  -1.9964210e+00   5.3928131e-01
   2.6128944e-02  -1.9965562e+00   5.4167682e-01
   2.6250785e-02  -1.9967761e+00   5.4515457e-01
   2.6871350e-02  -1.9970028e+00   5.4538590e-01
   2.7526351e-02  -1.9973341e+00   5.4372185e-01
   2.7760977e-02  -1.9975992e+00   5.4258680e-01
   2.8048202e-02  -1.9979088e+00   5.4071283e-01
   2.8048202e-02  -1.9979088e+00   5.4071283e-01
   2.8104020e-02  -1.9982495e+00   5.3921896e-01
   2.8422687e-02  -1.9990340e+00   5.3363508e-01
   2.9570723e-02  -1.9994826e+00   5.2521485e-01
   3.0226011e-02  -1.9999456e+00   5.1955962e-01
   3.0781053e-02  -2.0008223e+00   5.1395065e-01
   3.1305533e-02  -2.0012999e+00   5.1020688e-01
   3.1685401e-02  -2.0021882e+00   5.0575048e-01
   3.1742502e-02  -2.0028725e+00   5.0316167e-01
   3.1735688e-02  -2.0030885e+00   5.0266790e-01
   3.1618983e-02  -2.0035686e+00   5.0214297e-01
   3.1455610e-02  -2.0038910e+00   5.0269443e-01
   3.1266209e-02  -2.0041950e+00   5.0345504e-01
   3.1014616e-02  -2.0045056e+00   5.0435472e-01
   3.0823102e-02  -2.0046461e+00   5.0509280e-01
   3.0366123e-02  -2.0047693e+00   5.0642323e-01
   3.0213315e-02  -2.0047996e+00   5.0670063e-01
   2.9644361e-02  -2.0047202e+00   5.0860143e-01
   2.9179558e-02  -2.0047164e+00   5.1252651e-01
   2.8921820e-02  -2.0048440e+00   5.1601171e-01
   2.8819835e-02  -2.0048544e+00   5.1683629e-01
   2.8475968e-02  -2.0050738e+00   5.2223945e-01
   2.8062908e-02  -2.0053988e+00   5.2497995e-01
   2.7672820e-02  -2.0056398e+00   5.2664733e-01
   2.7387921e-02  -2.0058630e+00   5.2734917e-01
   2.6932836e-02  -2.0065663e+00   5.2393633e-01
   2.6688555e-02  -2.0070310e+00   5.2034527e-01
   2.6409548e-02  -2.0073087e+00   5.1857728e-01
   2.6489222e-02  -2.0079513e+00   5.1456630e-01
   2.6344832e-02  -2.0083730e+00   5.1227951e-01
   2.6119797e-02  -2.0090842e+00   5.0951475e-01
   2.6025267e-02  -2.0096292e+00   5.0761461e-01
   2.5889954e-02  -2.0103867e+00   5.0586474e-01
   2.5881076e-02  -2.0105920e+00   5.0559801e-01
   2.5705282e-02  -2.0118027e+00   5.0513709e-01
   2.5705282e-02  -2.0118027e+00   5.0513709e-01
   2.5358988e-02  -2.0134716e+00   5.0814182e-01
   2.5535025e-02  -2.0143685e+00   5.0968623e-01
   2.5848381e-02  -2.0156658e+00   5.1245612e-01
   2.6176026e-02  -2.0166941e+00   5.1462984e-01
   2.6374863e-02  -2.0176578e+00   5.1683813e-01
   2.6540853e-02  -2.0186360e+00   5.1956469e-01
   2.6906712e-02  -2.0194633e+00   5.2178258e-01
   2.7536986e-02  -2.0204759e+00   5.2475125e-01
   2.8135953e-02  -2.0214143e+00   5.2752584e-01
   2.8519807e-02  -2.0222244e+00   5.3005362e-01
   2.8567851e-02  -2.0227087e+00   5.3214526e-01
   2.9216781e-02  -2.0236595e+00   5.3491592e-01
   2.9338049e-02  -2.0241425e+00   5.3753972e-01
   2.9532157e-02  -2.0245841e+00   5.3857672e-01
   2.9659286e-02  -2.0249503e+00   5.3952694e-01
   2.9666357e-02  -2.0252163e+00   5.4057568e-01
   2.9347779e-02  -2.0254676e+00   5.4237944e-01
   2.9002622e-02  -2.0257215e+00   5.4363656e-01
   2.8441729e-02  -2.0260041e+00   5.4480779e-01
   2.7669700e-02  -2.0262208e+00   5.4624873e-01
   2.7147911e-02  -2.0262432e+00   5.4691124e-01
   2.6361676e-02  -2.0262265e+00   5.4637712e-01
   2.6215477e-02  -2.0262144e+00   5.4613113e-01
   2.5120568e-02  -2.0258057e+00   5.4403603e-01
   2.4445731e-02  -2.0254645e+00   5.4101604e-01
   2.3758898e-02  -2.0251155e+00   5.3724736e-01
   2.2956371e-02  -2.0248168e+00   5.3280264e-01
   2.2113169e-02  -2.0243134e+00   5.2867717e-01
   2.1552375e-02  -2.0239761e+00   5.2405679e-01
   2.0871956e-02  -2.0236099e+00   5.1992983e-01
   2.0156110e-02  -2.0232720e+00   5.1702565e-01
   1.9370686e-02  -2.0229800e+00   5.1555699e-01
   1.8866751e-02  -2.0228307e+00   5.1522869e-01
   1.7992564e-02  -2.0225542e+00   5.1650125e-01
   1.7466282e-02  -2.0225177e+00   5.1755679e-01
   1.7005879e-02  -2.0224755e+00   5.1899904e-01
   1.6714698e-02  -2.0224686e+00   5.2115649e-01
   1.6546724e-02  -2.0225639e+00   5.2314144e-01
   1.6372366e-02  -2.0223911e+00   5.2667195e-01
   1.6488504e-02  -2.0222208e+00   5.2878129e-01
   1.6553817e-02  -2.0221546e+00   5.2921027e-01
   1.6910663e-02  -2.0217497e+00   5.3157210e-01
   1.7219488e-02  -2.0214641e+00   5.3326601e-01
   1.7210944e-02  -2.0211530e+00   5.3467262e-01
   1.7845908e-02  -2.0208328e+00   5.3528345e-01
   1.8438954e-02  -2.0203679e+00   5.3446680e-01
   1.8788684e-02  -2.0199721e+00   5.3323054e-01
   1.9456264e-02  -2.0192108e+00   5.3034914e-01
   1.9800052e-02  -2.0187783e+00   5.2860034e-01
   2.0368166e-02  -2.0180614e+00   5.2503592e-01
   2.0644419e-02  -2.0175643e+00   5.2342469e-01
   2.0943271e-02  -2.0168705e+00   5.2107704e-01
   2.1039745e-02  -2.0160472e+00   5.1899683e-01
   2.1006528e-02  -2.0151877e+00   5.1812392e-01
   2.1076981e-02  -2.0143867e+00   5.1864129e-01
   2.1388583e-02  -2.0137594e+00   5.1992476e-01
   2.1388583e-02  -2.0137594e+00   5.1992476e-01
   2.1215921e-02  -2.0124238e+00   5.2687162e-01
   2.1067107e-02  -2.0119247e+00   5.3052509e-01
   2.0808144e-02  -2.0110729e+00   5.3725189e-01
   2.0981433e-02  -2.0109782e+00   5.3952181e-01
   2.0981433e-02  -2.0109782e+00   5.3952181e-01
   2.0772345e-02  -2.0101476e+00   5.4847389e-01
   2.1066306e-02  -2.0100722e+00   5.4961985e-01
   2.0914221e-02  -2.0099010e+00   5.5090791e-01
   2.0793242e-02  -2.0095613e+00   5.5307448e-01
   2.0793242e-02  -2.0095613e+00   5.5307448e-01
   2.1473691e-02  -2.0093622e+00   5.5005848e-01
   2.1535641e-02  -2.0093687e+00   5.4658979e-01
   2.2078536e-02  -2.0098803e+00   5.3417093e-01
   2.2138750e-02  -2.0101593e+00   5.2659911e-01
   2.1986164e-02  -2.0102096e+00   5.2012110e-01
   2.1737494e-02  -2.0104246e+00   5.0926995e-01
   2.1370849e-02  -2.0106077e+00   5.0351900e-01
   2.0888569e-02  -2.0106821e+00   4.9889076e-01
   2.0310428e-02  -2.0108907e+00   4.9568540e-01
   1.9576890e-02  -2.0111103e+00   4.9404189e-01
   1.8915031e-02  -2.0113223e+00   4.9368569e-01
   1.8375302e-02  -2.0113814e+00   4.9428028e-01
   1.7786587e-02  -2.0113590e+00   4.9591634e-01
   1.7297540e-02  -2.0113764e+00   4.9763307e-01
   1.6923463e-02  -2.0113244e+00   4.9978864e-01
   1.6412215e-02  -2.0110567e+00   5.0381130e-01
   1.6217846e-02  -2.0108654e+00   5.0703210e-01
   1.5978603e-02  -2.0106087e+00   5.0995338e-01
   1.6075388e-02  -2.0103536e+00   5.1137394e-01
   1.6031848e-02  -2.0101016e+00   5.1240402e-01
   1.6222591e-02  -2.0096273e+00   5.1251912e-01
   1.6465219e-02  -2.0091491e+00   5.1215100e-01
   1.6676754e-02  -2.0087392e+00   5.1169509e-01
   1.7186454e-02  -2.0079780e+00   5.1150513e-01
   1.7715110e-02  -2.0074279e+00   5.1223016e-01
   1.8243255e-02  -2.0068891e+00   5.1353860e-01
   1.8716462e-02  -2.0062943e+00   5.1519114e-01
   1.9222731e-02  -2.0054004e+00   5.1781672e-01
   1.9385092e-02  -2.0050941e+00   5.1872140e-01
   1.9854933e-02  -2.0044749e+00   5.2155823e-01
   2.0157278e-02  -2.0040250e+00   5.2448362e-01
   2.0328263e-02  -2.0038288e+00   5.2576220e-01
   2.0454092e-02  -2.0036254e+00   5.2681285e-01
   2.0519130e-02  -2.0031352e+00   5.3046358e-01
   2.0468941e-02  -2.0029280e+00   5.3287631e-01
   2.0278316e-02  -2.0026636e+00   5.3640252e-01
   2.0218952e-02  -2.0025551e+00   5.3841776e-01
   1.9840900e-02  -2.0023882e+00   5.4147357e-01
   1.9772919e-02  -2.0023696e+00   5.4378074e-01
   1.9823611e-02  -2.0024712e+00   5.4415196e-01
   1.9635521e-02  -2.0025163e+00   5.4511952e-01
   1.9450329e-02  -2.0025396e+00   5.4575109e-01
   1.9450329e-02  -2.0025396e+00   5.4575109e-01
   1.8893225e-02  -2.0027180e+00   5.4443270e-01
   1.8330878e-02  -2.0027657e+00   5.4355448e-01
   1.7753655e-02  -2.0030344e+00   5.3810722e-01
   1.8005744e-02  -2.0036709e+00   5.2738303e-01
   1.8137002e-02  -2.0041776e+00   5.1964539e-01
   1.7996281e-02  -2.0045638e+00   5.1392603e-01
   1.7724559e-02  -2.0056005e+00   5.0526887e-01
   1.7724559e-02  -2.0056005e+00   5.0526887e-01
   1.7295124e-02  -2.0063686e+00   5.0238311e-01
   1.6810318e-02  -2.0068007e+00   5.0302142e-01
   1.6474290e-02  -2.0074680e+00   5.0481302e-01
   1.6119190e-02  -2.0080853e+00   5.0818479e-01
   1.5728638e-02  -2.0085461e+00   5.1225770e-01
   1.5353029e-02  -2.0090153e+00   5.1635069e-01
   1.5286312e-02  -2.0094776e+00   5.1939642e-01
   1.5029129e-02  -2.0101135e+00   5.2357918e-01
   1.4934482e-02  -2.0104556e+00   5.2601165e-01
   1.4844498e-02  -2.0108633e+00   5.2846193e-01
   1.4703551e-02  -2.0111544e+00   5.3030443e-01
   1.4789623e-02  -2.0113788e+00   5.3100550e-01
   1.4898581e-02  -2.0115721e+00   5.3196490e-01
   1.5050351e-02  -2.0117390e+00   5.3261220e-01
   1.5272917e-02  -2.0118749e+00   5.3277302e-01
   1.5492134e-02  -2.0119507e+00   5.3304261e-01
   1.5714973e-02  -2.0119357e+00   5.3426582e-01
   1.5714973e-02  -2.0119357e+00   5.3426582e-01
   1.6052464e-02  -2.0117958e+00   5.3558934e-01
   1.6231600e-02  -2.0116813e+00   5.3704959e-01
   1.6557509e-02  -2.0116317e+00   5.3785789e-01
   1.7047068e-02  -2.0114384e+00   5.3935736e-01
   1.7113082e-02  -2.0110724e+00   5.4088575e-01
   1.7645689e-02  -2.0112023e+00   5.4050350e-01
   1.7790226e-02  -2.0111797e+00   5.4055858e-01
   1.8598551e-02  -2.0110066e+00   5.4097319e-01
   1.9232307e-02  -2.0107517e+00   5.4109871e-01
   1.9170634e-02  -2.0105138e+00   5.4206979e-01
   1.9549236e-02  -2.0102127e+00   5.4227251e-01
   2.0159340e-02  -2.0098476e+00   5.4062647e-01
   2.0092126e-02  -2.0093834e+00   5.4089379e-01
   2.0208701e-02  -2.0089393e+00   5.3961557e-01
   2.0671081e-02  -2.0082357e+00   5.3567344e-01
   2.1004450e-02  -2.0075669e+00   5.3163946e-01
   2.1161592e-02  -2.0069191e+00   5.2867562e-01
   2.1317001e-02  -2.0063014e+00   5.2634168e-01
   2.1303562e-02  -2.0058787e+00   5.2466917e-01
   2.1274548e-02  -2.0053163e+00   5.2321637e-01
   2.1154501e-02  -2.0047822e+00   5.2282923e-01
   2.1061879e-02  -2.0044160e+00   5.2306676e-01
   2.0810602e-02  -2.0039330e+00   5.2509844e-01
   2.0443525e-02  -2.0036592e+00   5.2746087e-01
   2.0166639e-02  -2.0035019e+00   5.2886635e-01
   1.9750882e-02  -2.0032835e+00   5.3099245e-01
   1.9621303e-02  -2.0031807e+00   5.3200364e-01
   1.9621303e-02  -2.0031807e+00   5.3200364e-01
   1.9405726e-02  -2.0026395e+00   5.3424597e-01
   1.9436328e-02  -2.0025604e+00   5.3439867e-01
   1.8889097e-02  -2.0023875e+00   5.3487599e-01
   1.8748827e-02  -2.0022540e+00   5.3435892e-01
   1.8704748e-02  -2.0022030e+00   5.3359985e-01
   1.8886808e-02  -2.0022855e+00   5.2739894e-01
   1.8849682e-02  -2.0022984e+00   5.2061868e-01
   1.9416010e-02  -2.0023315e+00   5.0352669e-01
   1.9160481e-02  -2.0025008e+00   4.6967623e-01
   1.8627500e-02  -2.0030780e+00   4.2842388e-01
   1.7676247e-02  -2.0042114e+00   3.7656057e-01
   1.5942540e-02  -2.0056233e+00   3.1030571e-01
   1.3782975e-02  -2.0073173e+00   2.3273335e-01
   1.0889277e-02  -2.0100543e+00   1.4144340e-01
   7.5232373e-03  -2.0126414e+00   3.7632808e-02
   3.9280344e-02  -2.0122497e+00   5.6678294e-03
   8.0894694e-02  -2.0181277e+00  -2.2620303e-03
   1.0646741e-01  -2.0137420e+00   1.9117575e-03
   1.3764398e-01  -2.0113022e+00  -2.6101993e-02
   1.4543028e-01  -2.0008447e+00  -2.9964205e-02
   1.6590461e-01  -1.9939146e+00  -7.3950499e-02
   1.6808064e-01  -1.9990284e+00  -7.9424053e-02
   1.6641842e-01  -2.0124340e+00  -8.3332419e-02
   1.6183072e-01  -2.0196304e+00  -7.5273961e-02
   1.5775432e-01  -2.0244520e+00  -6.9425926e-02
   1.4950585e-01  -2.0303617e+00  -5.8937725e-02
   1.4368701e-01  -2.0336297e+00  -5.0281696e-02
   1.3963561e-01  -2.0337315e+00  -4.0407788e-02
   1.3405931e-01  -2.0352669e+00  -2.9722594e-02
   1.3091220e-01  -2.0338995e+00  -1.9689694e-02
   1.2849186e-01  -2.0325909e+00  -1.1538399e-02
   1.2671600e-01  -2.0312364e+00  -4.8711565e-03
   1.2546799e-01  -2.0299509e+00   5.4739951e-04
   1.2505130e-01  -2.0284920e+00   5.0618774e-03
   1.2496039e-01  -2.0269558e+00   8.7094456e-03
   1.2517543e-01  -2.0253031e+00   1.1502082e-02
   1.2436149e-01  -2.0252657e+00   1.3383478e-02
   1.2486728e-01  -2.0239904e+00   1.4196618e-02
   1.2642272e-01  -2.0205629e+00   1.5733639e-02
   1.2842618e-01  -2.0173044e+00   1.5991971e-02
   1.2992528e-01  -2.0143962e+00   1.6271446e-02
   1.3113102e-01  -2.0122182e+00   1.6080443e-02
   1.3206841e-01  -2.0106406e+00   1.5881939e-02
   1.3233268e-01  -2.0100069e+00   1.5700513e-02
   1.3231851e-01  -2.0094845e+00   1.5590402e-02
   1.3341542e-01  -2.0082474e+00   1.5299576e-02
   1.3396320e-01  -2.0073595e+00   1.5051842e-02
   1.3451092e-01  -2.0066018e+00   1.4860627e-02
   1.3489221e-01  -2.0060785e+00   1.4638988e-02
   1.3518167e-01  -2.0055692e+00   1.4274336e-02
   1.3519725e-01  -2.0052397e+00   1.4184547e-02
   1.3569966e-01  -2.0047357e+00   1.3963903e-02
   1.3610025e-01  -2.0043039e+00   1.3778743e-02
   1.3637835e-01  -2.0040543e+00   1.3800280e-02
   1.3688430e-01  -2.0034583e+00   1.3853982e-02
   1.3727976e-01  -2.0032284e+00   1.3904864e-02
   1.3743740e-01  -2.0031304e+00   1.3924788e-02
   1.3775308e-01  -2.0029685e+00   1.3940106e-02
   1.3801600e-01  -2.0028090e+00   1.3899687e-02
   1.3798831e-01  -2.0028012e+00   1.3914299e-02
   1.3818817e-01  -2.0027380e+00   1.3967808e-02
   1.3847852e-01  -2.0026600e+00   1.3810371e-02
   1.3868256e-01  -2.0026147e+00   1.3883920e-02
   1.3885103e-01  -2.0025933e+00   1.3951829e-02
   1.3895945e-01  -2.0025883e+00   1.3996664e-02
   1.3908982e-01  -2.0025792e+00   1.4042147e-02
   1.3917859e-01  -2.0025883e+00   1.4080121e-02
   1.3926476e-01  -2.0025823e+00   1.4134446e-02
   1.3931102e-01  -2.0025868e+00   1.4172935e-02
   1.3933448e-01  -2.0026007e+00   1.4197801e-02
   1.3936324e-01  -2.0026183e+00   1.4234792e-02
   1.3928410e-01  -2.0026565e+00   1.4308318e-02
   1.3933046e-01  -2.0026720e+00   1.4365572e-02
   1.3934788e-01  -2.0026863e+00   1.4385120e-02
   1.3931212e-01  -2.0027161e+00   1.4426326e-02
   1.3928261e-01  -2.0027485e+00   1.4439650e-02
   1.3925137e-01  -2.0028059e+00   1.4451083e-02
   1.3920958e-01  -2.0028548e+00   1.4459637e-02
   1.3918898e-01  -2.0028741e+00   1.4469735e-02
   1.3917246e-01  -2.0029132e+00   1.4437310e-02
   1.3918476e-01  -2.0029430e+00   1.4414530e-02
   1.3918377e-01  -2.0029852e+00   1.4402083e-02
   1.3919814e-01  -2.0030272e+00   1.4384814e-02
   1.3919474e-01  -2.0030622e+00   1.4380882e-02
   1.3918905e-01  -2.0031281e+00   1.4376157e-02
   1.3916005e-01  -2.0031931e+00   1.4356598e-02
