   4.4296052e-02  -1.9504653e+00   1.5833613e-02
   4.4279791e-02  -1.9504555e+00   1.5852243e-02
   4.4261619e-02  -1.9504006e+00   1.5785787e-02
   4.4285536e-02  -1.9503447e+00   1.5695421e-02
   4.4288628e-02  -1.9502511e+00   1.5651023e-02
   4.4288628e-02  -1.9502511e+00   1.5651023e-02
   4.4259727e-02  -1.9501014e+00   1.5612571e-02
   4.4298764e-02  -1.9501429e+00   1.5643280e-02
   4.4298351e-02  -1.9501257e+00   1.5674429e-02
   4.4327386e-02  -1.9501655e+00   1.5722601e-02
   4.4263024e-02  -1.9500479e+00   1.5872790e-02
   4.4274371e-02  -1.9501297e+00   1.5894148e-02
   4.4282980e-02  -1.9502265e+00   1.5935833e-02
   4.4288024e-02  -1.9502352e+00   1.5932623e-02
   4.4321388e-02  -1.9502387e+00   1.5911130e-02
   4.4440601e-02  -1.9502773e+00   1.5922030e-02
   4.4440601e-02  -1.9502773e+00   1.5922030e-02
   4.4487949e-02  -1.9503497e+00   1.5966179e-02
   4.4570234e-02  -1.9505627e+00   1.6032984e-02
   4.4539064e-02  -1.9505181e+00   1.6041903e-02
   4.4539064e-02  -1.9505181e+00   1.6041903e-02
   4.4483747e-02  -1.9504296e+00   1.6047658e-02
   4.4285160e-02  -1.9502686e+00   1.5828384e-02
   4.4327673e-02  -1.9503825e+00   1.5960339e-02
   4.4385992e-02  -1.9504846e+00   1.6107500e-02
   4.4401720e-02  -1.9504249e+00   1.6013505e-02
   4.4401776e-02  -1.9504024e+00   1.6003557e-02
   4.4426102e-02  -1.9503698e+00   1.5985565e-02
   4.4426102e-02  -1.9503698e+00   1.5985565e-02
   4.4512212e-02  -1.9504117e+00   1.6092679e-02
   4.4595845e-02  -1.9503927e+00   1.5998373e-02
   4.4579569e-02  -1.9502826e+00   1.5892340e-02
   4.4605598e-02  -1.9503406e+00   1.5919380e-02
   4.4631943e-02  -1.9505628e+00   1.6131675e-02
   4.4566106e-02  -1.9504192e+00   1.6167963e-02
   4.4620272e-02  -1.9505228e+00   1.5983118e-02
   4.4604503e-02  -1.9505247e+00   1.5974538e-02
   4.4595681e-02  -1.9505264e+00   1.5951717e-02
   4.4595681e-02  -1.9505264e+00   1.5951717e-02
   4.4618610e-02  -1.9510465e+00   1.6087227e-02
   4.4508465e-02  -1.9510792e+00   1.7917033e-02
   4.4695605e-02  -1.9514765e+00   2.0530691e-02
   4.5692105e-02  -1.9534305e+00   2.9180368e-02
   4.7026105e-02  -1.9563022e+00   4.4685692e-02
   4.8782580e-02  -1.9598142e+00   6.6120312e-02
   5.0432712e-02  -1.9630334e+00   9.2894398e-02
   5.1397339e-02  -1.9650739e+00   1.0830728e-01
   5.3996183e-02  -1.9724652e+00   1.5367809e-01
   5.5067912e-02  -1.9760519e+00   1.7640701e-01
   5.5503257e-02  -1.9786323e+00   1.8977740e-01
   5.5503257e-02  -1.9786323e+00   1.8977740e-01
   5.7009976e-02  -1.9889028e+00   2.4081984e-01
   5.7174094e-02  -1.9942526e+00   2.6338154e-01
   5.7162695e-02  -1.9955703e+00   2.6868796e-01
   5.6381445e-02  -2.0044520e+00   3.0292442e-01
   5.5677742e-02  -2.0081868e+00   3.1733364e-01
   5.4755390e-02  -2.0116327e+00   3.3083221e-01
   5.3162742e-02  -2.0159831e+00   3.4943682e-01
   5.2255329e-02  -2.0181642e+00   3.5982785e-01
   4.9972102e-02  -2.0228350e+00   3.8471901e-01
   4.8515208e-02  -2.0253506e+00   3.9990458e-01
   4.7083862e-02  -2.0275805e+00   4.1561431e-01
   4.6042055e-02  -2.0290108e+00   4.2698577e-01
   4.3191954e-02  -2.0324101e+00   4.6080497e-01
   4.2266518e-02  -2.0333233e+00   4.7237381e-01
   4.0235076e-02  -2.0351551e+00   5.0113112e-01
   3.8962383e-02  -2.0363014e+00   5.2334952e-01
   3.7847474e-02  -2.0372975e+00   5.4616451e-01
   3.6718715e-02  -2.0380530e+00   5.6837827e-01
   3.5928208e-02  -2.0390158e+00   5.9679079e-01
   3.5921548e-02  -2.0396669e+00   6.0748327e-01
   3.5099700e-02  -2.0401568e+00   6.2863445e-01
   3.4807660e-02  -2.0408032e+00   6.4417654e-01
   3.4937147e-02  -2.0415015e+00   6.5392357e-01
   3.4621354e-02  -2.0425029e+00   6.7939657e-01
   3.4264769e-02  -2.0425971e+00   6.8993247e-01
   3.4226950e-02  -2.0438826e+00   7.1514022e-01
   3.4242768e-02  -2.0444114e+00   7.2580063e-01
   3.4075562e-02  -2.0451524e+00   7.4773657e-01
   3.4249987e-02  -2.0467033e+00   7.7392399e-01
   3.4274668e-02  -2.0470057e+00   7.7936572e-01
   3.4554861e-02  -2.0487804e+00   8.1138760e-01
   3.4639113e-02  -2.0496314e+00   8.2728261e-01
   3.4748342e-02  -2.0501840e+00   8.3816057e-01
   3.5086486e-02  -2.0517690e+00   8.6990118e-01
   3.5195485e-02  -2.0525291e+00   8.8585573e-01
   3.5210084e-02  -2.0530193e+00   8.9599192e-01
   3.5210084e-02  -2.0530193e+00   8.9599192e-01
   3.5022367e-02  -2.0545683e+00   9.4084048e-01
   3.5022195e-02  -2.0550978e+00   9.5016164e-01
   3.4577370e-02  -2.0553758e+00   9.7011691e-01
   3.4218039e-02  -2.0558288e+00   9.9451429e-01
   3.4103088e-02  -2.0558197e+00   9.9948496e-01
   3.3339597e-02  -2.0554602e+00   1.0306288e+00
   3.2857552e-02  -2.0550904e+00   1.0462277e+00
   3.2141469e-02  -2.0543804e+00   1.0668912e+00
   3.1274311e-02  -2.0532670e+00   1.0877837e+00
   3.0601492e-02  -2.0522885e+00   1.1035109e+00
   2.9647544e-02  -2.0507782e+00   1.1241541e+00
   2.9024133e-02  -2.0496328e+00   1.1390433e+00
   2.7995432e-02  -2.0478191e+00   1.1593477e+00
   2.6863668e-02  -2.0456269e+00   1.1807318e+00
   2.5869608e-02  -2.0435615e+00   1.2002563e+00
   2.4979763e-02  -2.0418229e+00   1.2154202e+00
   2.4087207e-02  -2.0400448e+00   1.2302696e+00
   2.3040630e-02  -2.0375700e+00   1.2499404e+00
   2.2160672e-02  -2.0356522e+00   1.2647674e+00
   2.1210680e-02  -2.0332615e+00   1.2837204e+00
   2.0951258e-02  -2.0326095e+00   1.2886542e+00
   2.0951258e-02  -2.0326095e+00   1.2886542e+00
   1.8171234e-02  -2.0256367e+00   1.3416635e+00
   1.8171234e-02  -2.0256367e+00   1.3416635e+00
   1.7107822e-02  -2.0228238e+00   1.3644178e+00
   1.5974184e-02  -2.0201507e+00   1.3860201e+00
   1.5444319e-02  -2.0189018e+00   1.3979269e+00
   1.4747304e-02  -2.0176098e+00   1.4097108e+00
   1.3388743e-02  -2.0153377e+00   1.4280497e+00
   1.2751444e-02  -2.0145261e+00   1.4372940e+00
   1.1621393e-02  -2.0134780e+00   1.4512918e+00
   1.1020871e-02  -2.0130539e+00   1.4587173e+00
   1.0820113e-02  -2.0129294e+00   1.4608922e+00
   9.9236043e-03  -2.0125782e+00   1.4710071e+00
   9.2137745e-03  -2.0128486e+00   1.4797009e+00
   8.7775299e-03  -2.0128186e+00   1.4830652e+00
   8.0746897e-03  -2.0134933e+00   1.4920777e+00
   7.7237603e-03  -2.0138175e+00   1.4960110e+00
   7.5037167e-03  -2.0144234e+00   1.4994433e+00
   6.9801765e-03  -2.0154479e+00   1.5048053e+00
   6.9534346e-03  -2.0164561e+00   1.5066861e+00
   6.6834171e-03  -2.0176833e+00   1.5104346e+00
   6.6556367e-03  -2.0191166e+00   1.5134778e+00
   6.5577663e-03  -2.0204051e+00   1.5165092e+00
   6.6109751e-03  -2.0212398e+00   1.5180694e+00
   6.7822132e-03  -2.0223925e+00   1.5202008e+00
   6.9772219e-03  -2.0232141e+00   1.5220057e+00
   7.3768590e-03  -2.0241601e+00   1.5241629e+00
   8.7261815e-03  -2.0256910e+00   1.5276387e+00
   9.7907865e-03  -2.0262494e+00   1.5296425e+00
   9.7907865e-03  -2.0262494e+00   1.5296425e+00
   1.1724818e-02  -2.0269792e+00   1.5307204e+00
   1.2500584e-02  -2.0270717e+00   1.5315374e+00
   1.4613464e-02  -2.0276017e+00   1.5323617e+00
   1.6345942e-02  -2.0279267e+00   1.5327992e+00
   1.7266240e-02  -2.0279830e+00   1.5330017e+00
   1.9999679e-02  -2.0281391e+00   1.5330038e+00
   2.3520524e-02  -2.0279913e+00   1.5342772e+00
   2.5105400e-02  -2.0278401e+00   1.5348831e+00
   2.6173806e-02  -2.0277007e+00   1.5354255e+00
   2.6173806e-02  -2.0277007e+00   1.5354255e+00
   3.0526230e-02  -2.0270586e+00   1.5370251e+00
   3.2101057e-02  -2.0267179e+00   1.5376298e+00
   3.4861770e-02  -2.0259070e+00   1.5385133e+00
   3.6880203e-02  -2.0251434e+00   1.5391306e+00
   3.8330372e-02  -2.0245423e+00   1.5396922e+00
   3.8330372e-02  -2.0245423e+00   1.5396922e+00
   4.1283257e-02  -2.0227969e+00   1.5404677e+00
   4.2906389e-02  -2.0217476e+00   1.5406876e+00
   4.4358391e-02  -2.0207272e+00   1.5407459e+00
   4.5536667e-02  -2.0195203e+00   1.5404179e+00
   4.6475586e-02  -2.0181868e+00   1.5399719e+00
   4.7147390e-02  -2.0168197e+00   1.5393449e+00
   4.7443736e-02  -2.0161736e+00   1.5392256e+00
   4.7793929e-02  -2.0143459e+00   1.5394181e+00
   4.7828462e-02  -2.0129871e+00   1.5401132e+00
   4.7671881e-02  -2.0116458e+00   1.5409508e+00
   4.7222611e-02  -2.0099814e+00   1.5418992e+00
   4.6554979e-02  -2.0087662e+00   1.5427499e+00
   4.4779629e-02  -2.0064137e+00   1.5439323e+00
   4.3796428e-02  -2.0051577e+00   1.5443072e+00
   4.3096598e-02  -2.0043325e+00   1.5444684e+00
   4.2106997e-02  -2.0032780e+00   1.5446540e+00
   4.1245949e-02  -2.0025237e+00   1.5446228e+00
   4.0005643e-02  -2.0015979e+00   1.5442210e+00
   3.9359182e-02  -2.0011551e+00   1.5438317e+00
   3.8032904e-02  -2.0002956e+00   1.5426891e+00
   3.6750857e-02  -1.9995084e+00   1.5412357e+00
   3.5109941e-02  -1.9986143e+00   1.5398782e+00
   3.4503009e-02  -1.9983174e+00   1.5394521e+00
   3.2779396e-02  -1.9976418e+00   1.5387089e+00
   3.1620171e-02  -1.9972600e+00   1.5373529e+00
   2.9906146e-02  -1.9967202e+00   1.5357265e+00
   2.8810222e-02  -1.9965324e+00   1.5357341e+00
   2.8454466e-02  -1.9964788e+00   1.5349406e+00
   2.7828963e-02  -1.9965584e+00   1.5345901e+00
   2.7247300e-02  -1.9966747e+00   1.5350643e+00
   2.6792575e-02  -1.9968247e+00   1.5355576e+00
   2.6388340e-02  -1.9969923e+00   1.5355108e+00
   2.6045809e-02  -1.9972399e+00   1.5353639e+00
   2.5748206e-02  -1.9975325e+00   1.5349348e+00
   2.5529029e-02  -1.9978611e+00   1.5344301e+00
   2.5340233e-02  -1.9982076e+00   1.5340303e+00
   2.5013829e-02  -1.9985471e+00   1.5338987e+00
   2.4977047e-02  -1.9987187e+00   1.5340497e+00
   2.4800612e-02  -1.9991649e+00   1.5355383e+00
   2.4372770e-02  -1.9993950e+00   1.5375293e+00
   2.4733201e-02  -1.9994938e+00   1.5394216e+00
   2.5156120e-02  -1.9996600e+00   1.5411974e+00
   2.5614001e-02  -1.9997913e+00   1.5427330e+00
   2.6817774e-02  -2.0000248e+00   1.5460738e+00
   2.6986551e-02  -2.0000687e+00   1.5464514e+00
   3.0067082e-02  -1.9999095e+00   1.5486213e+00
   3.0469747e-02  -1.9998505e+00   1.5485927e+00
   3.1016756e-02  -1.9997492e+00   1.5483056e+00
   3.1384286e-02  -1.9996969e+00   1.5481838e+00
   3.2204553e-02  -1.9995353e+00   1.5482087e+00
   3.2789741e-02  -1.9994005e+00   1.5475999e+00
   3.3359140e-02  -1.9992808e+00   1.5464820e+00
   3.3780623e-02  -1.9989614e+00   1.5451016e+00
   3.4174774e-02  -1.9986043e+00   1.5440121e+00
   3.4406904e-02  -1.9983393e+00   1.5433967e+00
   3.4607768e-02  -1.9980686e+00   1.5429770e+00
   3.4780823e-02  -1.9976681e+00   1.5428135e+00
   3.4994621e-02  -1.9973953e+00   1.5427642e+00
   3.5048466e-02  -1.9968443e+00   1.5427021e+00
   3.5000168e-02  -1.9962585e+00   1.5424696e+00
   3.4887265e-02  -1.9958150e+00   1.5423863e+00
   3.4221761e-02  -1.9945346e+00   1.5436987e+00
   3.3917524e-02  -1.9940730e+00   1.5444102e+00
   3.3720136e-02  -1.9937822e+00   1.5449551e+00
   3.3263918e-02  -1.9931988e+00   1.5459307e+00
   3.2473903e-02  -1.9928142e+00   1.5472872e+00
   3.2273572e-02  -1.9924467e+00   1.5474222e+00
   3.1871859e-02  -1.9918833e+00   1.5474073e+00
   3.1454429e-02  -1.9916725e+00   1.5475465e+00
   2.9734213e-02  -1.9913664e+00   1.5485508e+00
   3.0113595e-02  -1.9907514e+00   1.5454975e+00
   3.0041635e-02  -1.9902356e+00   1.5438809e+00
   2.9854890e-02  -1.9888682e+00   1.5403587e+00
   2.9676413e-02  -1.9882628e+00   1.5384423e+00
   2.9584497e-02  -1.9879553e+00   1.5375049e+00
   2.9271403e-02  -1.9873731e+00   1.5361499e+00
   2.9287588e-02  -1.9867162e+00   1.5345906e+00
   2.9290851e-02  -1.9862810e+00   1.5337728e+00
   2.9392993e-02  -1.9858098e+00   1.5329955e+00
   2.9507535e-02  -1.9854107e+00   1.5325217e+00
   2.9628400e-02  -1.9851813e+00   1.5322821e+00
   2.9830024e-02  -1.9849445e+00   1.5320376e+00
   3.0167429e-02  -1.9847783e+00   1.5318785e+00
   3.0500460e-02  -1.9848862e+00   1.5323937e+00
   3.0245904e-02  -1.9850488e+00   1.5333908e+00
   3.0400950e-02  -1.9852893e+00   1.5339766e+00
   3.0721474e-02  -1.9856759e+00   1.5346309e+00
   3.1390071e-02  -1.9861529e+00   1.5350399e+00
   3.2080755e-02  -1.9866564e+00   1.5357436e+00
   3.2535784e-02  -1.9870285e+00   1.5359489e+00
   3.3141006e-02  -1.9875479e+00   1.5363060e+00
   3.3468284e-02  -1.9879415e+00   1.5366523e+00
   3.3842266e-02  -1.9884182e+00   1.5370094e+00
   3.4534454e-02  -1.9893407e+00   1.5381398e+00
   3.4950048e-02  -1.9898616e+00   1.5392690e+00
   3.5100274e-02  -1.9900711e+00   1.5396580e+00
   3.5312228e-02  -1.9905494e+00   1.5404961e+00
   3.5396315e-02  -1.9910611e+00   1.5410024e+00
   3.5425805e-02  -1.9914355e+00   1.5411369e+00
   3.5226107e-02  -1.9920328e+00   1.5415635e+00
   3.5132438e-02  -1.9922374e+00   1.5416780e+00
   3.4842651e-02  -1.9926429e+00   1.5421656e+00
   3.4463067e-02  -1.9930344e+00   1.5426104e+00
   3.4107231e-02  -1.9932874e+00   1.5429486e+00
   3.3548512e-02  -1.9935635e+00   1.5432909e+00
   3.2942411e-02  -1.9938090e+00   1.5437492e+00
   3.2124341e-02  -1.9940768e+00   1.5434474e+00
   3.1718340e-02  -1.9941845e+00   1.5430211e+00
   3.0731037e-02  -1.9941974e+00   1.5411438e+00
   3.0157737e-02  -1.9941841e+00   1.5398530e+00
   2.9529015e-02  -1.9941183e+00   1.5387007e+00
   2.8586647e-02  -1.9940332e+00   1.5377476e+00
   2.7990580e-02  -1.9936839e+00   1.5361292e+00
   2.7459597e-02  -1.9932469e+00   1.5346699e+00
   2.6821578e-02  -1.9927285e+00   1.5328534e+00
   2.6175922e-02  -1.9922239e+00   1.5314659e+00
   2.5675902e-02  -1.9917865e+00   1.5307301e+00
   2.5266357e-02  -1.9913713e+00   1.5297691e+00
   2.4863850e-02  -1.9908799e+00   1.5287542e+00
   2.4594296e-02  -1.9903899e+00   1.5278231e+00
   2.4199855e-02  -1.9899904e+00   1.5274843e+00
   2.4201779e-02  -1.9894927e+00   1.5269654e+00
   2.4243057e-02  -1.9890009e+00   1.5265373e+00
   2.4088027e-02  -1.9885457e+00   1.5260814e+00
   2.4201564e-02  -1.9879757e+00   1.5249449e+00
   2.4304662e-02  -1.9874468e+00   1.5243132e+00
   2.4351211e-02  -1.9869810e+00   1.5238427e+00
   2.4349950e-02  -1.9865767e+00   1.5233287e+00
   2.4342742e-02  -1.9862156e+00   1.5228685e+00
   2.4189966e-02  -1.9857419e+00   1.5234941e+00
   2.4085717e-02  -1.9855162e+00   1.5244354e+00
   2.3996895e-02  -1.9854717e+00   1.5248054e+00
   2.3865575e-02  -1.9854273e+00   1.5253012e+00
   2.3703124e-02  -1.9853797e+00   1.5259924e+00
   2.3508459e-02  -1.9852782e+00   1.5260761e+00
   2.3336623e-02  -1.9851981e+00   1.5262406e+00
   2.2893641e-02  -1.9852084e+00   1.5266767e+00
   2.2622071e-02  -1.9850528e+00   1.5269024e+00
   2.2383489e-02  -1.9849383e+00   1.5271399e+00
   2.1928791e-02  -1.9848456e+00   1.5282723e+00
   2.1390086e-02  -1.9849268e+00   1.5295522e+00
   2.1062694e-02  -1.9843777e+00   1.5326787e+00
   2.0932909e-02  -1.9840559e+00   1.5342102e+00
   2.0761956e-02  -1.9836142e+00   1.5362922e+00
   2.0534769e-02  -1.9831703e+00   1.5383662e+00
   2.0132698e-02  -1.9826225e+00   1.5404510e+00
   1.9752400e-02  -1.9820870e+00   1.5418642e+00
   1.9493870e-02  -1.9820237e+00   1.5424626e+00
   1.9557951e-02  -1.9817454e+00   1.5425404e+00
   1.8947948e-02  -1.9813193e+00   1.5428292e+00
   1.8727634e-02  -1.9811723e+00   1.5427547e+00
   1.8513286e-02  -1.9809536e+00   1.5421032e+00
   1.8198615e-02  -1.9807187e+00   1.5408700e+00
   1.7608147e-02  -1.9803540e+00   1.5386330e+00
   1.7228428e-02  -1.9801729e+00   1.5374719e+00
   1.6729990e-02  -1.9799191e+00   1.5360707e+00
   1.6201336e-02  -1.9798530e+00   1.5350764e+00
   1.5961792e-02  -1.9796124e+00   1.5341716e+00
   1.5883753e-02  -1.9794078e+00   1.5336844e+00
   1.5904447e-02  -1.9792610e+00   1.5337710e+00
   1.5998919e-02  -1.9791279e+00   1.5344381e+00
   1.6193626e-02  -1.9790280e+00   1.5356847e+00
   1.6258642e-02  -1.9790941e+00   1.5366191e+00
   1.6758811e-02  -1.9789170e+00   1.5365089e+00
   1.7252995e-02  -1.9788244e+00   1.5357645e+00
   1.7703203e-02  -1.9788795e+00   1.5346385e+00
   1.8139884e-02  -1.9792674e+00   1.5323077e+00
   1.8702246e-02  -1.9793983e+00   1.5293862e+00
   1.8980926e-02  -1.9796759e+00   1.5276828e+00
   1.9242726e-02  -1.9801236e+00   1.5252512e+00
   1.9314134e-02  -1.9804847e+00   1.5233653e+00
   1.9422550e-02  -1.9810458e+00   1.5214124e+00
   1.9477906e-02  -1.9816475e+00   1.5201173e+00
   1.9525779e-02  -1.9821908e+00   1.5200496e+00
   1.9512214e-02  -1.9829046e+00   1.5210333e+00
   1.9238319e-02  -1.9835873e+00   1.5227816e+00
   1.9818941e-02  -1.9842541e+00   1.5262200e+00
   2.0422950e-02  -1.9845303e+00   1.5286944e+00
   2.1512814e-02  -1.9850836e+00   1.5331832e+00
   2.2243697e-02  -1.9854497e+00   1.5353781e+00
   2.2970067e-02  -1.9860620e+00   1.5380731e+00
   2.4376921e-02  -1.9867346e+00   1.5384253e+00
   2.5758099e-02  -1.9880912e+00   1.5375177e+00
   2.6507031e-02  -1.9885300e+00   1.5359352e+00
   2.7151991e-02  -1.9896129e+00   1.5339142e+00
   2.7793925e-02  -1.9904234e+00   1.5314862e+00
   2.8691718e-02  -1.9920435e+00   1.5277346e+00
   2.9041950e-02  -1.9927312e+00   1.5263177e+00
   2.9434023e-02  -1.9941856e+00   1.5238318e+00
   3.0171517e-02  -1.9956874e+00   1.5212637e+00
   3.0664403e-02  -1.9972717e+00   1.5194732e+00
   3.1188052e-02  -1.9988427e+00   1.5188298e+00
   3.1727336e-02  -2.0004892e+00   1.5188640e+00
   3.2112166e-02  -2.0020423e+00   1.5197508e+00
   3.2969762e-02  -2.0032675e+00   1.5210456e+00
   3.3700116e-02  -2.0046761e+00   1.5238549e+00
   3.4556277e-02  -2.0061746e+00   1.5269525e+00
   3.5513923e-02  -2.0082815e+00   1.5314158e+00
   3.6026817e-02  -2.0093453e+00   1.5331571e+00
   3.7106246e-02  -2.0121875e+00   1.5350649e+00
   3.7580602e-02  -2.0133967e+00   1.5345705e+00
   3.7798308e-02  -2.0145071e+00   1.5341624e+00
   3.8158637e-02  -2.0157723e+00   1.5331769e+00
   3.8155019e-02  -2.0172226e+00   1.5321507e+00
   3.7819248e-02  -2.0184495e+00   1.5314640e+00
   3.7796069e-02  -2.0196395e+00   1.5304167e+00
   3.7253819e-02  -2.0208228e+00   1.5297892e+00
   3.6918946e-02  -2.0221343e+00   1.5284977e+00
   3.6805797e-02  -2.0234628e+00   1.5271999e+00
   3.6262538e-02  -2.0240982e+00   1.5269536e+00
   3.5985306e-02  -2.0254354e+00   1.5269951e+00
   3.5487819e-02  -2.0258591e+00   1.5276821e+00
   3.4840118e-02  -2.0265875e+00   1.5292120e+00
   3.5026621e-02  -2.0275085e+00   1.5307750e+00
   3.4664936e-02  -2.0278568e+00   1.5334077e+00
   3.4638587e-02  -2.0281115e+00   1.5353436e+00
   3.4391090e-02  -2.0284114e+00   1.5378655e+00
   3.4090649e-02  -2.0287807e+00   1.5410341e+00
   3.3839904e-02  -2.0289917e+00   1.5432342e+00
   3.3652928e-02  -2.0291185e+00   1.5447832e+00
   3.3099569e-02  -2.0292354e+00   1.5463389e+00
   3.2612842e-02  -2.0292563e+00   1.5465769e+00
   3.1659339e-02  -2.0294290e+00   1.5457045e+00
   3.1058755e-02  -2.0294852e+00   1.5445884e+00
   3.0103346e-02  -2.0295544e+00   1.5427209e+00
   2.8725056e-02  -2.0293400e+00   1.5413468e+00
   2.6555240e-02  -2.0294893e+00   1.5384440e+00
   2.5710607e-02  -2.0293393e+00   1.5383357e+00
   2.4295840e-02  -2.0291777e+00   1.5375605e+00
   2.3314321e-02  -2.0290918e+00   1.5367172e+00
   2.1964272e-02  -2.0288723e+00   1.5356739e+00
   2.0730553e-02  -2.0285513e+00   1.5343131e+00
   1.9573059e-02  -2.0281458e+00   1.5331453e+00
   1.6960189e-02  -2.0273542e+00   1.5312953e+00
   1.5605717e-02  -2.0269206e+00   1.5305322e+00
   1.4926158e-02  -2.0266590e+00   1.5301874e+00
   1.4369047e-02  -2.0263960e+00   1.5298717e+00
   1.3616462e-02  -2.0259020e+00   1.5300543e+00
   1.2901179e-02  -2.0255961e+00   1.5302005e+00
   1.2683449e-02  -2.0252635e+00   1.5309484e+00
   1.2394635e-02  -2.0247803e+00   1.5319107e+00
   1.2500026e-02  -2.0249574e+00   1.5321934e+00
   1.2592706e-02  -2.0251012e+00   1.5326483e+00
   1.2798999e-02  -2.0252969e+00   1.5334189e+00
   1.3242275e-02  -2.0254526e+00   1.5343471e+00
   1.3528936e-02  -2.0255325e+00   1.5349139e+00
   1.3818213e-02  -2.0255229e+00   1.5356513e+00
   1.4050258e-02  -2.0255599e+00   1.5359632e+00
   1.4207423e-02  -2.0255783e+00   1.5358859e+00
   1.4398417e-02  -2.0255606e+00   1.5356082e+00
   1.4547723e-02  -2.0255427e+00   1.5353959e+00
   1.4729771e-02  -2.0255027e+00   1.5350370e+00
   1.4830731e-02  -2.0254471e+00   1.5347351e+00
   1.4802920e-02  -2.0253122e+00   1.5348996e+00
   1.4768476e-02  -2.0251412e+00   1.5351193e+00
   1.4739151e-02  -2.0248652e+00   1.5356917e+00
   1.4701209e-02  -2.0246298e+00   1.5361971e+00
   1.4576505e-02  -2.0242443e+00   1.5369425e+00
   1.4458126e-02  -2.0238683e+00   1.5373281e+00
   1.4316878e-02  -2.0232613e+00   1.5376986e+00
   1.4148043e-02  -2.0226495e+00   1.5376776e+00
   1.3996685e-02  -2.0220520e+00   1.5369326e+00
   1.3665861e-02  -2.0212936e+00   1.5365081e+00
   1.3448712e-02  -2.0205803e+00   1.5359976e+00
   1.3211252e-02  -2.0198901e+00   1.5354736e+00
   1.3019185e-02  -2.0192077e+00   1.5348096e+00
   1.2624415e-02  -2.0183082e+00   1.5351735e+00
   1.2484393e-02  -2.0176234e+00   1.5353642e+00
   1.2635395e-02  -2.0170259e+00   1.5347942e+00
   1.3414359e-02  -2.0161562e+00   1.5333071e+00
   1.3597564e-02  -2.0158525e+00   1.5331478e+00
   1.3868015e-02  -2.0154254e+00   1.5328287e+00
   1.4351840e-02  -2.0149353e+00   1.5321816e+00
   1.5077342e-02  -2.0142150e+00   1.5302153e+00
   1.5371916e-02  -2.0138030e+00   1.5293726e+00
   1.5707454e-02  -2.0137570e+00   1.5285059e+00
   1.6103934e-02  -2.0137961e+00   1.5275553e+00
   1.7275672e-02  -2.0141296e+00   1.5251780e+00
   1.7525168e-02  -2.0143993e+00   1.5246458e+00
   1.7981265e-02  -2.0149436e+00   1.5238611e+00
   1.8174488e-02  -2.0151701e+00   1.5240892e+00
   1.8922849e-02  -2.0160992e+00   1.5244629e+00
   1.9732948e-02  -2.0172086e+00   1.5256939e+00
   2.0463580e-02  -2.0180037e+00   1.5269337e+00
   2.1313608e-02  -2.0191319e+00   1.5285867e+00
   2.2180028e-02  -2.0203125e+00   1.5301322e+00
   2.2944806e-02  -2.0213220e+00   1.5310067e+00
   2.3796301e-02  -2.0227847e+00   1.5316236e+00
   2.4418820e-02  -2.0239539e+00   1.5317692e+00
   2.4933752e-02  -2.0253031e+00   1.5320919e+00
   2.5465460e-02  -2.0265613e+00   1.5314091e+00
   2.6123431e-02  -2.0281930e+00   1.5304519e+00
   2.6516814e-02  -2.0295651e+00   1.5300658e+00
   2.6067805e-02  -2.0300093e+00   1.5320351e+00
   2.6673112e-02  -2.0315576e+00   1.5305910e+00
   2.7074201e-02  -2.0332217e+00   1.5296725e+00
   2.7121013e-02  -2.0345476e+00   1.5295306e+00
   2.6944427e-02  -2.0357604e+00   1.5298831e+00
   2.6638536e-02  -2.0369496e+00   1.5308280e+00
   2.6365122e-02  -2.0381017e+00   1.5323218e+00
   2.5842201e-02  -2.0392187e+00   1.5340209e+00
   2.5345543e-02  -2.0399809e+00   1.5353841e+00
   2.4360498e-02  -2.0411227e+00   1.5374507e+00
   2.3467338e-02  -2.0419981e+00   1.5391304e+00
   2.2626672e-02  -2.0426857e+00   1.5404018e+00
   2.1783363e-02  -2.0433784e+00   1.5415791e+00
   2.0984314e-02  -2.0440187e+00   1.5425844e+00
   1.9918209e-02  -2.0452259e+00   1.5444174e+00
   1.9648094e-02  -2.0455298e+00   1.5450828e+00
   1.9368684e-02  -2.0457494e+00   1.5458660e+00
   1.9290283e-02  -2.0459688e+00   1.5470212e+00
   1.9009763e-02  -2.0455999e+00   1.5491869e+00
   1.9092640e-02  -2.0453136e+00   1.5514017e+00
   1.9578632e-02  -2.0453022e+00   1.5536374e+00
   2.0363230e-02  -2.0451288e+00   1.5564023e+00
   2.1098062e-02  -2.0447488e+00   1.5587409e+00
   2.2593290e-02  -2.0437961e+00   1.5579021e+00
   2.3578405e-02  -2.0434115e+00   1.5457714e+00
   2.4237929e-02  -2.0437026e+00   1.5321304e+00
   2.5395896e-02  -2.0438132e+00   1.5163878e+00
   3.1941488e-02  -2.0408874e+00   1.5149617e+00
   3.9486285e-02  -2.0382800e+00   1.5070258e+00
   4.2368222e-02  -2.0358210e+00   1.5039055e+00
   4.7945172e-02  -2.0328543e+00   1.5002278e+00
   6.0571868e-02  -2.0270958e+00   1.4945627e+00
   7.1225196e-02  -2.0236404e+00   1.4915150e+00
   8.4788896e-02  -2.0190501e+00   1.4869981e+00
   9.7328283e-02  -2.0147047e+00   1.4815652e+00
   1.0653673e-01  -2.0111532e+00   1.4767438e+00
   1.1966674e-01  -2.0046744e+00   1.4694519e+00
   1.3056843e-01  -1.9985602e+00   1.4634119e+00
   1.4712083e-01  -1.9892739e+00   1.4528738e+00
   1.6105577e-01  -1.9808692e+00   1.4429594e+00
   1.8152994e-01  -1.9685776e+00   1.4270883e+00
   2.4980748e-01  -1.9189377e+00   1.3774362e+00
   2.5767490e-01  -1.9123230e+00   1.3718446e+00
   3.0082268e-01  -1.8751951e+00   1.3422120e+00
   3.3563203e-01  -1.8433881e+00   1.3194456e+00
   3.7068942e-01  -1.8076260e+00   1.2978332e+00
   3.8810319e-01  -1.7885292e+00   1.2874656e+00
   4.1214192e-01  -1.7582074e+00   1.2725900e+00
   4.4129038e-01  -1.7156563e+00   1.2534273e+00
   4.6479023e-01  -1.6743438e+00   1.2368003e+00
   4.7964478e-01  -1.6459633e+00   1.2268633e+00
   4.9703369e-01  -1.6116010e+00   1.2156888e+00
   5.1200747e-01  -1.5851029e+00   1.2094725e+00
   5.2717429e-01  -1.5634805e+00   1.2066207e+00
   5.4272074e-01  -1.5467898e+00   1.2068832e+00
   5.5543017e-01  -1.5381826e+00   1.2092818e+00
   5.6905603e-01  -1.5323548e+00   1.2136828e+00
   5.8401859e-01  -1.5285641e+00   1.2194666e+00
   6.0727960e-01  -1.5266567e+00   1.2270858e+00
   6.3405907e-01  -1.5251755e+00   1.2350529e+00
   6.6223758e-01  -1.5225533e+00   1.2439853e+00
   6.8554157e-01  -1.5190265e+00   1.2510060e+00
   7.1872485e-01  -1.5126977e+00   1.2605143e+00
   7.5323713e-01  -1.5054659e+00   1.2700630e+00
   7.8806549e-01  -1.4977552e+00   1.2793572e+00
   8.2324553e-01  -1.4898858e+00   1.2886740e+00
