   3.2643160e-01  -1.6434755e+00   2.0794420e-02
   3.2643160e-01  -1.6434755e+00   2.0794420e-02
   3.2643160e-01  -1.6434755e+00   2.0794420e-02
   3.2643160e-01  -1.6434755e+00   2.0794420e-02
   3.2643160e-01  -1.6434755e+00   2.0794420e-02
   3.2643160e-01  -1.6434755e+00   2.0794420e-02
   3.2643160e-01  -1.6434755e+00   2.0794420e-02
   3.2664841e-01  -1.6435533e+00   2.0955008e-02
   3.2664841e-01  -1.6435533e+00   2.0955008e-02
   3.2664841e-01  -1.6435533e+00   2.0955008e-02
   3.2664841e-01  -1.6435533e+00   2.0955008e-02
   3.2664841e-01  -1.6435533e+00   2.0955008e-02
   3.2664841e-01  -1.6435533e+00   2.0955008e-02
   3.2664841e-01  -1.6435533e+00   2.0955008e-02
   3.2664841e-01  -1.6435533e+00   2.0955008e-02
   3.2664841e-01  -1.6435533e+00   2.0955008e-02
   3.2664841e-01  -1.6435533e+00   2.0955008e-02
   3.2708198e-01  -1.6435106e+00   2.1022746e-02
   3.2708198e-01  -1.6435106e+00   2.1022746e-02
   3.2693392e-01  -1.6436775e+00   2.0855635e-02
   3.2693392e-01  -1.6436775e+00   2.0855635e-02
   3.2693392e-01  -1.6436775e+00   2.0855635e-02
   3.2676622e-01  -1.6438398e+00   2.0767640e-02
   3.2676622e-01  -1.6438398e+00   2.0767640e-02
   3.2676622e-01  -1.6438398e+00   2.0767640e-02
   3.2676622e-01  -1.6438398e+00   2.0767640e-02
   3.2684124e-01  -1.6438420e+00   2.0884873e-02
   3.2684314e-01  -1.6438447e+00   2.0891827e-02
   3.2684314e-01  -1.6438447e+00   2.0891827e-02
   3.2684314e-01  -1.6438447e+00   2.0891827e-02
   3.2688376e-01  -1.6438537e+00   2.0886596e-02
   3.2688376e-01  -1.6438537e+00   2.0886596e-02
   3.2688376e-01  -1.6438537e+00   2.0886596e-02
   3.2688376e-01  -1.6438537e+00   2.0886596e-02
   3.2688376e-01  -1.6438537e+00   2.0886596e-02
   3.2688376e-01  -1.6438537e+00   2.0886596e-02
   3.2688376e-01  -1.6438537e+00   2.0886596e-02
   3.2688376e-01  -1.6438537e+00   2.0886596e-02
   3.2688376e-01  -1.6438537e+00   2.0886596e-02
   3.2724178e-01  -1.6438650e+00   2.1080768e-02
   3.2732105e-01  -1.6438382e+00   2.1148732e-02
   3.2732105e-01  -1.6438382e+00   2.1148732e-02
   3.2727787e-01  -1.6438917e+00   2.1059485e-02
   3.2727787e-01  -1.6438917e+00   2.1059485e-02
   3.2719162e-01  -1.6439441e+00   2.0930989e-02
   3.2719162e-01  -1.6439441e+00   2.0930989e-02
   3.2719162e-01  -1.6439441e+00   2.0930989e-02
   3.2719162e-01  -1.6439441e+00   2.0930989e-02
   3.2719162e-01  -1.6439441e+00   2.0930989e-02
   3.2719162e-01  -1.6439441e+00   2.0930989e-02
   3.2719162e-01  -1.6439441e+00   2.0930989e-02
   3.2719162e-01  -1.6439441e+00   2.0930989e-02
   3.2719162e-01  -1.6439441e+00   2.0930989e-02
   3.2719162e-01  -1.6439441e+00   2.0930989e-02
   3.2719162e-01  -1.6439441e+00   2.0930989e-02
   3.2719162e-01  -1.6439441e+00   2.0930989e-02
   3.2719162e-01  -1.6439441e+00   2.0930989e-02
   3.2719162e-01  -1.6439441e+00   2.0930989e-02
   3.2746392e-01  -1.6436983e+00   2.0686762e-02
   3.2746392e-01  -1.6436983e+00   2.0686762e-02
   3.2729125e-01  -1.6437198e+00   2.0856220e-02
   3.2729125e-01  -1.6437198e+00   2.0856220e-02
   3.2712710e-01  -1.6465747e+00   4.0043660e-02
   3.1824073e-01  -1.6620129e+00   1.1075372e-01
   3.1704745e-01  -1.6637564e+00   1.1799170e-01
   3.0822760e-01  -1.6761223e+00   1.6608855e-01
   3.0127683e-01  -1.6854130e+00   1.9803558e-01
   2.9940414e-01  -1.6876901e+00   2.0553009e-01
   2.8652287e-01  -1.7029545e+00   2.4872072e-01
   2.8652287e-01  -1.7029545e+00   2.4872072e-01
   2.7675936e-01  -1.7133971e+00   2.7326617e-01
   2.5347084e-01  -1.7384135e+00   3.1948599e-01
   2.3978664e-01  -1.7515213e+00   3.3876014e-01
   2.2562246e-01  -1.7647769e+00   3.5621524e-01
   2.1982670e-01  -1.7701430e+00   3.6307994e-01
   2.1418567e-01  -1.7756954e+00   3.7033778e-01
   1.9711086e-01  -1.7915537e+00   3.9252916e-01
   1.8891047e-01  -1.7989951e+00   4.0482882e-01
   1.8093543e-01  -1.8063749e+00   4.1858780e-01
   1.6147703e-01  -1.8247845e+00   4.5770994e-01
   1.5692306e-01  -1.8291512e+00   4.6814799e-01
   1.4141549e-01  -1.8439316e+00   5.0660765e-01
   1.3744110e-01  -1.8478769e+00   5.1709276e-01
   1.3174774e-01  -1.8540078e+00   5.3301847e-01
   1.2476105e-01  -1.8614120e+00   5.5394447e-01
   1.2476105e-01  -1.8614120e+00   5.5394447e-01
   1.0982509e-01  -1.8785923e+00   6.0532403e-01
   9.7734854e-02  -1.8946570e+00   6.5418965e-01
   9.3613572e-02  -1.9009553e+00   6.7311299e-01
   9.0090439e-02  -1.9072943e+00   6.9106269e-01
   8.7038867e-02  -1.9116613e+00   7.0537853e-01
   8.7038867e-02  -1.9116613e+00   7.0537853e-01
   7.7341445e-02  -1.9272226e+00   7.5775576e-01
   7.5728334e-02  -1.9298712e+00   7.6739359e-01
   7.0475146e-02  -1.9380550e+00   7.9969490e-01
   6.8731047e-02  -1.9408511e+00   8.1115079e-01
   6.4411454e-02  -1.9469057e+00   8.3995438e-01
   6.1997063e-02  -1.9503661e+00   8.5674810e-01
   5.9627242e-02  -1.9536054e+00   8.7381953e-01
   5.9627242e-02  -1.9536054e+00   8.7381953e-01
   5.3464334e-02  -1.9621623e+00   9.1698945e-01
   5.1236156e-02  -1.9649949e+00   9.3294549e-01
   4.8219696e-02  -1.9688696e+00   9.5385349e-01
   4.5110725e-02  -1.9723572e+00   9.7504669e-01
   4.5110725e-02  -1.9723572e+00   9.7504669e-01
   3.8944341e-02  -1.9790629e+00   1.0156045e+00
   3.6679953e-02  -1.9814427e+00   1.0309622e+00
   3.6679953e-02  -1.9814427e+00   1.0309622e+00
   3.1535108e-02  -1.9864331e+00   1.0658095e+00
   2.8723318e-02  -1.9891278e+00   1.0858006e+00
   2.7430713e-02  -1.9903889e+00   1.0957359e+00
   2.4218487e-02  -1.9935251e+00   1.1209521e+00
   2.2434218e-02  -1.9952875e+00   1.1357086e+00
   2.0070648e-02  -1.9973915e+00   1.1559253e+00
   1.6493184e-02  -2.0010998e+00   1.1908672e+00
   1.5127824e-02  -2.0024858e+00   1.2055844e+00
   1.4251200e-02  -2.0033898e+00   1.2154495e+00
   1.2550079e-02  -2.0049975e+00   1.2355337e+00
   1.0978557e-02  -2.0067716e+00   1.2561777e+00
   9.5986798e-03  -2.0082088e+00   1.2766658e+00
   8.0454154e-03  -2.0105035e+00   1.3071125e+00
   7.3927413e-03  -2.0116568e+00   1.3225212e+00
   6.6580335e-03  -2.0130694e+00   1.3424171e+00
   6.0163513e-03  -2.0144598e+00   1.3614354e+00
   5.4577873e-03  -2.0158901e+00   1.3796344e+00
   5.4294453e-03  -2.0164659e+00   1.3839251e+00
   4.8930570e-03  -2.0183120e+00   1.4040087e+00
   4.5513329e-03  -2.0197799e+00   1.4178567e+00
   4.4396487e-03  -2.0205441e+00   1.4243852e+00
   4.0724939e-03  -2.0225065e+00   1.4385383e+00
   3.6572034e-03  -2.0237098e+00   1.4487892e+00
   3.5281959e-03  -2.0249689e+00   1.4552776e+00
   3.4074003e-03  -2.0257423e+00   1.4590335e+00
   3.1423082e-03  -2.0277193e+00   1.4676895e+00
   2.8860960e-03  -2.0291028e+00   1.4735684e+00
   2.6152737e-03  -2.0299525e+00   1.4780213e+00
   2.3036185e-03  -2.0314729e+00   1.4844748e+00
   2.1705439e-03  -2.0321882e+00   1.4880987e+00
   2.0297747e-03  -2.0327761e+00   1.4918623e+00
   1.8643851e-03  -2.0333111e+00   1.4965013e+00
   1.7854326e-03  -2.0335860e+00   1.4995989e+00
   1.7756969e-03  -2.0337224e+00   1.5042499e+00
   1.8894565e-03  -2.0335829e+00   1.5074744e+00
   2.1611985e-03  -2.0333030e+00   1.5114564e+00
   2.4213409e-03  -2.0329957e+00   1.5143360e+00
   2.7883097e-03  -2.0324054e+00   1.5181175e+00
   3.1808433e-03  -2.0318575e+00   1.5205885e+00
   3.9110738e-03  -2.0307364e+00   1.5242898e+00
   4.3590018e-03  -2.0299077e+00   1.5262967e+00
   4.9943617e-03  -2.0287843e+00   1.5285559e+00
   5.5245934e-03  -2.0279143e+00   1.5301994e+00
   6.5239803e-03  -2.0266974e+00   1.5316308e+00
   6.8937521e-03  -2.0261202e+00   1.5321839e+00
   7.5649223e-03  -2.0250304e+00   1.5329816e+00
   8.2133915e-03  -2.0240712e+00   1.5334668e+00
   8.6441459e-03  -2.0233874e+00   1.5333707e+00
   9.1701997e-03  -2.0224540e+00   1.5329748e+00
   9.5442580e-03  -2.0217986e+00   1.5327041e+00
   9.9440953e-03  -2.0210085e+00   1.5325737e+00
   1.0339750e-02  -2.0203066e+00   1.5325280e+00
   1.0558903e-02  -2.0196290e+00   1.5330150e+00
   1.0998031e-02  -2.0189817e+00   1.5331804e+00
   1.1351142e-02  -2.0185211e+00   1.5331638e+00
   1.1819130e-02  -2.0178852e+00   1.5334283e+00
   1.2097538e-02  -2.0172362e+00   1.5337570e+00
   1.2267231e-02  -2.0169160e+00   1.5338732e+00
   1.2665337e-02  -2.0162292e+00   1.5339620e+00
   1.3012362e-02  -2.0158095e+00   1.5339013e+00
   1.3336580e-02  -2.0154932e+00   1.5338774e+00
   1.3681613e-02  -2.0152757e+00   1.5340022e+00
   1.3994038e-02  -2.0151103e+00   1.5341814e+00
   1.4393399e-02  -2.0149577e+00   1.5346993e+00
   1.4688156e-02  -2.0148561e+00   1.5356346e+00
   1.4886566e-02  -2.0148206e+00   1.5361315e+00
   1.5094204e-02  -2.0148354e+00   1.5365373e+00
   1.5261010e-02  -2.0148790e+00   1.5366800e+00
   1.6110864e-02  -2.0152164e+00   1.5363202e+00
   1.6275160e-02  -2.0152705e+00   1.5362493e+00
   1.6533758e-02  -2.0155714e+00   1.5354574e+00
   1.6771859e-02  -2.0158913e+00   1.5348539e+00
   1.6967949e-02  -2.0163651e+00   1.5339794e+00
   1.7113799e-02  -2.0167050e+00   1.5332555e+00
   1.7275630e-02  -2.0171437e+00   1.5328175e+00
   1.7402299e-02  -2.0174925e+00   1.5325875e+00
   1.7563196e-02  -2.0178225e+00   1.5325313e+00
   1.7891796e-02  -2.0183747e+00   1.5328648e+00
   1.8131923e-02  -2.0186920e+00   1.5331416e+00
   1.8404368e-02  -2.0189281e+00   1.5341104e+00
   1.8905029e-02  -2.0192413e+00   1.5344142e+00
   1.9518301e-02  -2.0193865e+00   1.5351294e+00
   2.0221269e-02  -2.0196671e+00   1.5350044e+00
   2.0858536e-02  -2.0199366e+00   1.5353030e+00
   2.1623267e-02  -2.0202982e+00   1.5355059e+00
   2.2302819e-02  -2.0206077e+00   1.5352563e+00
   2.2751536e-02  -2.0207992e+00   1.5350347e+00
   2.3376914e-02  -2.0210626e+00   1.5344032e+00
   2.4225023e-02  -2.0213799e+00   1.5323873e+00
   2.4501393e-02  -2.0213542e+00   1.5316834e+00
   2.4770463e-02  -2.0212877e+00   1.5308994e+00
   2.5048852e-02  -2.0211687e+00   1.5301863e+00
   2.5432412e-02  -2.0208774e+00   1.5287564e+00
   2.5646223e-02  -2.0203693e+00   1.5280883e+00
   2.5967177e-02  -2.0199368e+00   1.5272236e+00
   2.6304353e-02  -2.0195878e+00   1.5267612e+00
   2.6524263e-02  -2.0189321e+00   1.5272419e+00
   2.6749609e-02  -2.0182006e+00   1.5275823e+00
   2.7039839e-02  -2.0174055e+00   1.5283134e+00
   2.7307672e-02  -2.0167644e+00   1.5293096e+00
   2.7592251e-02  -2.0156543e+00   1.5310879e+00
   2.7752720e-02  -2.0147798e+00   1.5328149e+00
   2.7832510e-02  -2.0141103e+00   1.5338750e+00
   2.7886428e-02  -2.0130270e+00   1.5350754e+00
   2.7797639e-02  -2.0121582e+00   1.5358483e+00
   2.7498841e-02  -2.0112128e+00   1.5369236e+00
   2.7156061e-02  -2.0105057e+00   1.5372871e+00
   2.6705245e-02  -2.0098460e+00   1.5372399e+00
   2.6356727e-02  -2.0094090e+00   1.5371735e+00
   2.5635183e-02  -2.0087967e+00   1.5366760e+00
   2.4784008e-02  -2.0084147e+00   1.5361241e+00
   2.3821237e-02  -2.0080526e+00   1.5355381e+00
   2.2785056e-02  -2.0077300e+00   1.5350773e+00
   2.1726035e-02  -2.0074279e+00   1.5351149e+00
   2.1028887e-02  -2.0072830e+00   1.5355462e+00
   1.9934300e-02  -2.0070684e+00   1.5367820e+00
   1.9111909e-02  -2.0069320e+00   1.5378087e+00
   1.8387385e-02  -2.0068514e+00   1.5383795e+00
   1.7668866e-02  -2.0068362e+00   1.5384371e+00
   1.7142184e-02  -2.0068817e+00   1.5382682e+00
   1.6217172e-02  -2.0070391e+00   1.5374178e+00
   1.5527862e-02  -2.0072362e+00   1.5367002e+00
   1.4798019e-02  -2.0073683e+00   1.5362849e+00
   1.3852178e-02  -2.0075526e+00   1.5362082e+00
   1.3667124e-02  -2.0079200e+00   1.5347136e+00
   1.3219674e-02  -2.0082958e+00   1.5335716e+00
   1.2913437e-02  -2.0088539e+00   1.5319607e+00
   1.2687980e-02  -2.0093706e+00   1.5308295e+00
   1.2472045e-02  -2.0098116e+00   1.5296950e+00
   1.2319506e-02  -2.0102055e+00   1.5289475e+00
   1.2289862e-02  -2.0104887e+00   1.5285723e+00
   1.2382259e-02  -2.0107329e+00   1.5286325e+00
   1.2647837e-02  -2.0109401e+00   1.5286887e+00
   1.2898980e-02  -2.0110419e+00   1.5288820e+00
   1.3360834e-02  -2.0111732e+00   1.5287743e+00
   1.3716554e-02  -2.0112247e+00   1.5290608e+00
   1.4357318e-02  -2.0114617e+00   1.5284972e+00
   1.4944810e-02  -2.0116651e+00   1.5281134e+00
   1.5521710e-02  -2.0118580e+00   1.5275908e+00
   1.6111329e-02  -2.0120349e+00   1.5267963e+00
   1.6641704e-02  -2.0122716e+00   1.5260161e+00
   1.7064281e-02  -2.0124607e+00   1.5255904e+00
   1.7437678e-02  -2.0126228e+00   1.5254723e+00
   1.7910551e-02  -2.0128837e+00   1.5249559e+00
   1.8279742e-02  -2.0131299e+00   1.5246300e+00
   1.8585250e-02  -2.0133700e+00   1.5245548e+00
   1.9696573e-02  -2.0141318e+00   1.5241098e+00
   1.9962234e-02  -2.0143027e+00   1.5240662e+00
   2.0305846e-02  -2.0145729e+00   1.5239804e+00
   2.0531427e-02  -2.0147550e+00   1.5238098e+00
   2.1081394e-02  -2.0152590e+00   1.5233319e+00
   2.1540849e-02  -2.0156951e+00   1.5232267e+00
   2.2035480e-02  -2.0161088e+00   1.5235801e+00
   2.2468042e-02  -2.0164123e+00   1.5241544e+00
   2.3136523e-02  -2.0167580e+00   1.5251571e+00
   2.3831952e-02  -2.0170965e+00   1.5265671e+00
   2.4566974e-02  -2.0174673e+00   1.5284716e+00
   2.5249744e-02  -2.0178225e+00   1.5305753e+00
   2.5890542e-02  -2.0181265e+00   1.5328614e+00
   2.6501162e-02  -2.0184143e+00   1.5344276e+00
   2.7380548e-02  -2.0187953e+00   1.5355579e+00
   2.7871391e-02  -2.0189908e+00   1.5356457e+00
   2.8439382e-02  -2.0192602e+00   1.5354178e+00
   2.8964141e-02  -2.0195448e+00   1.5346103e+00
   2.9566595e-02  -2.0198472e+00   1.5332224e+00
   2.9749172e-02  -2.0200498e+00   1.5319933e+00
   3.0127354e-02  -2.0203676e+00   1.5302243e+00
   3.0225422e-02  -2.0205655e+00   1.5285026e+00
   3.0327616e-02  -2.0207374e+00   1.5273532e+00
   3.0455887e-02  -2.0208271e+00   1.5262688e+00
   3.0430773e-02  -2.0206330e+00   1.5256137e+00
   3.0899277e-02  -2.0206201e+00   1.5253179e+00
   3.0960074e-02  -2.0205407e+00   1.5256834e+00
   3.1269502e-02  -2.0202641e+00   1.5274291e+00
   3.1636357e-02  -2.0200312e+00   1.5291814e+00
   3.1955793e-02  -2.0197968e+00   1.5313687e+00
   3.2327339e-02  -2.0192957e+00   1.5345154e+00
   3.3107862e-02  -2.0190194e+00   1.5373150e+00
   3.3663798e-02  -2.0185316e+00   1.5398474e+00
   3.4330528e-02  -2.0183930e+00   1.5410036e+00
   3.5248950e-02  -2.0182748e+00   1.5422490e+00
   3.5803385e-02  -2.0182283e+00   1.5423100e+00
   3.6328629e-02  -2.0182297e+00   1.5416090e+00
   3.6772732e-02  -2.0182693e+00   1.5400554e+00
   3.7011392e-02  -2.0182400e+00   1.5384973e+00
   3.7285373e-02  -2.0185294e+00   1.5362694e+00
   3.7089050e-02  -2.0185783e+00   1.5355628e+00
   3.7113756e-02  -2.0188217e+00   1.5348082e+00
   3.7059620e-02  -2.0188675e+00   1.5347410e+00
   3.6915481e-02  -2.0187621e+00   1.5353037e+00
   3.6414433e-02  -2.0182242e+00   1.5373811e+00
   3.6158808e-02  -2.0178492e+00   1.5384617e+00
   3.5928041e-02  -2.0174494e+00   1.5391845e+00
   3.5522111e-02  -2.0168593e+00   1.5393581e+00
   3.5024799e-02  -2.0162210e+00   1.5387640e+00
   3.4601893e-02  -2.0157666e+00   1.5379686e+00
   3.3659779e-02  -2.0150442e+00   1.5362180e+00
   3.2768566e-02  -2.0145538e+00   1.5351168e+00
   3.2038558e-02  -2.0142369e+00   1.5347105e+00
   3.1016245e-02  -2.0138831e+00   1.5338277e+00
   2.9970437e-02  -2.0135610e+00   1.5325444e+00
   2.8924884e-02  -2.0132518e+00   1.5313454e+00
   2.7930252e-02  -2.0129936e+00   1.5303985e+00
   2.7068475e-02  -2.0127747e+00   1.5295541e+00
   2.6269352e-02  -2.0125828e+00   1.5288731e+00
   2.5507420e-02  -2.0124338e+00   1.5284680e+00
   2.4741909e-02  -2.0123353e+00   1.5282874e+00
   2.4109390e-02  -2.0123496e+00   1.5283055e+00
   2.3608711e-02  -2.0124547e+00   1.5284963e+00
   2.3236943e-02  -2.0126719e+00   1.5291177e+00
   2.2977605e-02  -2.0129833e+00   1.5298791e+00
   2.2858342e-02  -2.0133700e+00   1.5308850e+00
   2.3008551e-02  -2.0139534e+00   1.5323914e+00
   2.3143135e-02  -2.0144424e+00   1.5332800e+00
   2.3484504e-02  -2.0151844e+00   1.5348018e+00
   2.4381856e-02  -2.0168884e+00   1.5399963e+00
   2.4531711e-02  -2.0171275e+00   1.5404632e+00
   2.5322117e-02  -2.0183134e+00   1.5417571e+00
   2.6002260e-02  -2.0193963e+00   1.5431411e+00
   2.6514411e-02  -2.0201464e+00   1.5439761e+00
   2.7103458e-02  -2.0211658e+00   1.5449079e+00
   2.7676884e-02  -2.0222092e+00   1.5453391e+00
   2.8164124e-02  -2.0232244e+00   1.5453153e+00
   2.8588004e-02  -2.0241668e+00   1.5449154e+00
   2.8960804e-02  -2.0250044e+00   1.5442736e+00
   2.9321337e-02  -2.0258312e+00   1.5431366e+00
   2.9289115e-02  -2.0262883e+00   1.5422065e+00
   2.9089630e-02  -2.0268986e+00   1.5406710e+00
   2.8695412e-02  -2.0270944e+00   1.5400703e+00
   2.8725328e-02  -2.0272489e+00   1.5394466e+00
   2.8346324e-02  -2.0271161e+00   1.5398852e+00
   2.7968023e-02  -2.0267973e+00   1.5406035e+00
   2.7686954e-02  -2.0261915e+00   1.5422615e+00
   2.7856801e-02  -2.0257895e+00   1.5435377e+00
   2.7830482e-02  -2.0250747e+00   1.5457829e+00
   2.7645281e-02  -2.0239248e+00   1.5484504e+00
   2.7416445e-02  -2.0229847e+00   1.5505755e+00
   2.7514866e-02  -2.0223389e+00   1.5518097e+00
   2.7624477e-02  -2.0204680e+00   1.5531605e+00
   2.7608901e-02  -2.0200171e+00   1.5530298e+00
   2.7353277e-02  -2.0192404e+00   1.5527936e+00
   2.7551319e-02  -2.0185494e+00   1.5515037e+00
   2.7245911e-02  -2.0178397e+00   1.5508323e+00
   2.7072556e-02  -2.0169919e+00   1.5491073e+00
   2.6874838e-02  -2.0164292e+00   1.5476590e+00
   2.7044354e-02  -2.0160952e+00   1.5461893e+00
   2.7028510e-02  -2.0157626e+00   1.5455763e+00
   2.6800275e-02  -2.0152140e+00   1.5452261e+00
   2.6758093e-02  -2.0147922e+00   1.5449386e+00
   2.6838906e-02  -2.0147455e+00   1.5450699e+00
   2.6560370e-02  -2.0143180e+00   1.5458808e+00
   2.6342837e-02  -2.0139797e+00   1.5474647e+00
   2.6302392e-02  -2.0140359e+00   1.5501385e+00
   2.6166031e-02  -2.0140302e+00   1.5517520e+00
   2.6511330e-02  -2.0144410e+00   1.5534800e+00
   2.6661702e-02  -2.0147903e+00   1.5550114e+00
   2.6592243e-02  -2.0150473e+00   1.5556494e+00
   2.6302177e-02  -2.0152683e+00   1.5555829e+00
   2.6344739e-02  -2.0161107e+00   1.5537094e+00
   2.6070194e-02  -2.0168827e+00   1.5513310e+00
   2.5763052e-02  -2.0177600e+00   1.5489786e+00
   2.5461532e-02  -2.0186229e+00   1.5463108e+00
   2.5050357e-02  -2.0195689e+00   1.5434612e+00
   2.4641600e-02  -2.0204618e+00   1.5408405e+00
   2.4315989e-02  -2.0213063e+00   1.5378582e+00
   2.3739731e-02  -2.0218303e+00   1.5360531e+00
   2.3426713e-02  -2.0223770e+00   1.5350268e+00
   2.3106989e-02  -2.0227370e+00   1.5359775e+00
   2.2786470e-02  -2.0229106e+00   1.5369902e+00
   2.2824135e-02  -2.0231485e+00   1.5370708e+00
   2.3180891e-02  -2.0235395e+00   1.5367417e+00
   2.3126852e-02  -2.0234673e+00   1.5370568e+00
   2.3448119e-02  -2.0235767e+00   1.5368252e+00
   2.3777435e-02  -2.0236392e+00   1.5369068e+00
   2.4131101e-02  -2.0236814e+00   1.5370543e+00
   2.4464814e-02  -2.0236909e+00   1.5366453e+00
   2.4823677e-02  -2.0236971e+00   1.5359104e+00
   2.5163442e-02  -2.0236840e+00   1.5350552e+00
   2.5700863e-02  -2.0239837e+00   1.5341702e+00
   2.6079049e-02  -2.0238817e+00   1.5341076e+00
   2.6387041e-02  -2.0238760e+00   1.5338074e+00
   2.6723303e-02  -2.0238287e+00   1.5333672e+00
   2.7266212e-02  -2.0237601e+00   1.5326881e+00
   2.7757112e-02  -2.0236781e+00   1.5323513e+00
   2.8058724e-02  -2.0234499e+00   1.5328910e+00
   2.8564254e-02  -2.0233636e+00   1.5332490e+00
   2.9154917e-02  -2.0229666e+00   1.5353342e+00
   2.9242083e-02  -2.0229480e+00   1.5356170e+00
   2.9519740e-02  -2.0228448e+00   1.5365399e+00
   2.9676480e-02  -2.0227740e+00   1.5370913e+00
   2.9896792e-02  -2.0226493e+00   1.5373446e+00
   2.9788265e-02  -2.0221081e+00   1.5372845e+00
   2.9635740e-02  -2.0219142e+00   1.5365975e+00
   2.9553866e-02  -2.0218244e+00   1.5363760e+00
   2.9251596e-02  -2.0215375e+00   1.5362772e+00
   2.9109361e-02  -2.0214567e+00   1.5360802e+00
   2.8796004e-02  -2.0212681e+00   1.5358745e+00
   2.8413313e-02  -2.0210712e+00   1.5360425e+00
   2.7983611e-02  -2.0208929e+00   1.5367717e+00
   2.7346691e-02  -2.0207222e+00   1.5380058e+00
   2.7067797e-02  -2.0207908e+00   1.5389026e+00
   2.6527774e-02  -2.0207314e+00   1.5400627e+00
   2.5793344e-02  -2.0206389e+00   1.5412602e+00
   2.4708129e-02  -2.0206487e+00   1.5423011e+00
   2.3152154e-02  -2.0205097e+00   1.5432507e+00
   2.1845220e-02  -2.0205674e+00   1.5425870e+00
   2.0922611e-02  -2.0208066e+00   1.5412652e+00
   1.9340925e-02  -2.0209045e+00   1.5395705e+00
   1.7640451e-02  -2.0209568e+00   1.5372684e+00
   1.6353695e-02  -2.0209951e+00   1.5355102e+00
   1.3985576e-02  -2.0211434e+00   1.5330406e+00
   1.2450109e-02  -2.0212543e+00   1.5321065e+00
   9.7248694e-03  -2.0213516e+00   1.5314718e+00
   5.8628893e-03  -2.0218239e+00   1.5315775e+00
   4.9570603e-03  -2.0219293e+00   1.5317662e+00
   3.6331813e-03  -2.0220633e+00   1.5319822e+00
   1.9479671e-03  -2.0223248e+00   1.5322138e+00
   8.5426169e-04  -2.0225720e+00   1.5320537e+00
  -3.1746909e-04  -2.0229607e+00   1.5319957e+00
  -1.2365574e-03  -2.0233490e+00   1.5323039e+00
  -2.0991766e-03  -2.0237393e+00   1.5321424e+00
  -2.6108995e-03  -2.0242648e+00   1.5316347e+00
  -2.7901549e-03  -2.0249443e+00   1.5307866e+00
  -2.7978269e-03  -2.0257523e+00   1.5291173e+00
  -2.5178429e-03  -2.0265887e+00   1.5277008e+00
  -1.9464294e-03  -2.0275123e+00   1.5265588e+00
  -1.1137757e-03  -2.0285499e+00   1.5259767e+00
  -4.2804142e-05  -2.0297174e+00   1.5260968e+00
   2.5773644e-03  -2.0322561e+00   1.5259047e+00
   3.7677742e-03  -2.0332220e+00   1.5255864e+00
   5.1379553e-03  -2.0342739e+00   1.5247600e+00
   8.3243931e-03  -2.0363507e+00   1.5234559e+00
   1.2121847e-02  -2.0385799e+00   1.5242009e+00
   1.2967994e-02  -2.0388165e+00   1.5251832e+00
   1.4144232e-02  -2.0393367e+00   1.5261154e+00
   1.7131096e-02  -2.0404809e+00   1.5293803e+00
   1.8590763e-02  -2.0407894e+00   1.5318674e+00
   2.0934261e-02  -2.0413928e+00   1.5353806e+00
   2.2624506e-02  -2.0417264e+00   1.5379984e+00
   2.4872184e-02  -2.0420473e+00   1.5414608e+00
   2.7119268e-02  -2.0420971e+00   1.5443119e+00
   2.8688177e-02  -2.0419574e+00   1.5465598e+00
   3.0623680e-02  -2.0416009e+00   1.5490701e+00
   3.2328211e-02  -2.0409849e+00   1.5503168e+00
   3.3397678e-02  -2.0403168e+00   1.5505093e+00
   3.4301780e-02  -2.0395129e+00   1.5499052e+00
   3.5330277e-02  -2.0381060e+00   1.5484244e+00
   3.5975046e-02  -2.0364823e+00   1.5470260e+00
   3.6497526e-02  -2.0347984e+00   1.5450174e+00
   3.6960296e-02  -2.0330839e+00   1.5429856e+00
   3.7163772e-02  -2.0311999e+00   1.5407221e+00
   3.7082620e-02  -2.0292342e+00   1.5382168e+00
   3.6792852e-02  -2.0272424e+00   1.5359843e+00
   3.6367349e-02  -2.0253582e+00   1.5345707e+00
   3.5845928e-02  -2.0236223e+00   1.5343597e+00
   3.5057452e-02  -2.0217772e+00   1.5350922e+00
   3.4347318e-02  -2.0202866e+00   1.5355388e+00
   3.3556651e-02  -2.0189915e+00   1.5366168e+00
   3.2567136e-02  -2.0178006e+00   1.5373232e+00
   3.1512834e-02  -2.0166016e+00   1.5380617e+00
   3.0676566e-02  -2.0157909e+00   1.5394213e+00
   2.9853279e-02  -2.0151832e+00   1.5405586e+00
   2.9161725e-02  -2.0146871e+00   1.5413756e+00
   2.8606398e-02  -2.0144548e+00   1.5422896e+00
   2.7781209e-02  -2.0141542e+00   1.5439485e+00
   2.7158385e-02  -2.0140188e+00   1.5461658e+00
   2.6455900e-02  -2.0140171e+00   1.5488529e+00
   2.5882667e-02  -2.0141277e+00   1.5518782e+00
   2.5342794e-02  -2.0142527e+00   1.5538577e+00
   2.4796378e-02  -2.0145831e+00   1.5549080e+00
   2.4628591e-02  -2.0151074e+00   1.5541396e+00
   2.4359591e-02  -2.0155685e+00   1.5532851e+00
   2.4180815e-02  -2.0161285e+00   1.5514429e+00
   2.3998195e-02  -2.0168216e+00   1.5476589e+00
   2.3950383e-02  -2.0172920e+00   1.5449154e+00
   2.3913680e-02  -2.0185275e+00   1.5374166e+00
   2.3928301e-02  -2.0193508e+00   1.5326234e+00
   2.3900164e-02  -2.0197039e+00   1.5309139e+00
   2.3946689e-02  -2.0204277e+00   1.5283093e+00
   2.4011722e-02  -2.0209208e+00   1.5270658e+00
   2.4085447e-02  -2.0215425e+00   1.5262758e+00
   2.4148867e-02  -2.0220675e+00   1.5261500e+00
   2.4105432e-02  -2.0225215e+00   1.5269873e+00
   2.4338599e-02  -2.0230904e+00   1.5274816e+00
   2.4649689e-02  -2.0235429e+00   1.5285518e+00
   2.5163110e-02  -2.0240602e+00   1.5296129e+00
   2.5639422e-02  -2.0244632e+00   1.5303260e+00
   2.6091974e-02  -2.0247860e+00   1.5303738e+00
   2.7115764e-02  -2.0255005e+00   1.5280670e+00
   2.7522419e-02  -2.0257428e+00   1.5261524e+00
   2.7658673e-02  -2.0256829e+00   1.5253419e+00
   2.8027130e-02  -2.0258026e+00   1.5227231e+00
   2.8304366e-02  -2.0258644e+00   1.5211120e+00
   2.8657371e-02  -2.0259154e+00   1.5193642e+00
   2.8842609e-02  -2.0259373e+00   1.5184929e+00
   2.8927147e-02  -2.0259309e+00   1.5181690e+00
   2.8935777e-02  -2.0258656e+00   1.5186553e+00
   2.8790126e-02  -2.0256903e+00   1.5203829e+00
   2.8623266e-02  -2.0255816e+00   1.5222151e+00
   2.8302962e-02  -2.0254145e+00   1.5253873e+00
   2.8007830e-02  -2.0251751e+00   1.5276103e+00
   2.7523218e-02  -2.0246727e+00   1.5308977e+00
   2.7164344e-02  -2.0245945e+00   1.5334102e+00
   2.6922839e-02  -2.0244336e+00   1.5352734e+00
   2.6507681e-02  -2.0241866e+00   1.5368625e+00
   2.6040893e-02  -2.0239134e+00   1.5376633e+00
   2.5530729e-02  -2.0235837e+00   1.5380243e+00
   2.4904707e-02  -2.0231705e+00   1.5382133e+00
   2.4134165e-02  -2.0226185e+00   1.5382659e+00
   2.2252776e-02  -2.0212090e+00   1.5387915e+00
   2.2248281e-02  -2.0215805e+00   1.5371289e+00
   2.2010155e-02  -2.0216196e+00   1.5364493e+00
   2.1669770e-02  -2.0217137e+00   1.5357360e+00
   2.1408040e-02  -2.0218930e+00   1.5347394e+00
   2.1276940e-02  -2.0220790e+00   1.5341735e+00
   2.1150978e-02  -2.0224988e+00   1.5333029e+00
   2.0992037e-02  -2.0227795e+00   1.5324405e+00
   2.0699074e-02  -2.0229816e+00   1.5323243e+00
   2.0949803e-02  -2.0238001e+00   1.5291747e+00
   2.1096228e-02  -2.0244606e+00   1.5258206e+00
   2.1190166e-02  -2.0252109e+00   1.5220704e+00
   2.1375865e-02  -2.0259995e+00   1.5178933e+00
   2.1628432e-02  -2.0267920e+00   1.5147526e+00
   2.1906421e-02  -2.0277023e+00   1.5126479e+00
   2.2172779e-02  -2.0284023e+00   1.5125152e+00
   2.2318330e-02  -2.0288777e+00   1.5135689e+00
   2.2431850e-02  -2.0294843e+00   1.5159615e+00
   2.2553019e-02  -2.0300303e+00   1.5187181e+00
   2.2641608e-02  -2.0305109e+00   1.5215989e+00
   2.2852696e-02  -2.0307674e+00   1.5245630e+00
   2.3165682e-02  -2.0308688e+00   1.5271269e+00
   2.3499491e-02  -2.0308514e+00   1.5289286e+00
   2.3708815e-02  -2.0306191e+00   1.5300786e+00
   2.3806363e-02  -2.0301402e+00   1.5310596e+00
   2.4146352e-02  -2.0294383e+00   1.5302594e+00
   2.4271015e-02  -2.0288186e+00   1.5298407e+00
   2.4286591e-02  -2.0279534e+00   1.5292912e+00
   2.4177197e-02  -2.0268838e+00   1.5299857e+00
   2.4239790e-02  -2.0259359e+00   1.5297998e+00
   2.4154719e-02  -2.0246944e+00   1.5302256e+00
   2.3913169e-02  -2.0230699e+00   1.5313447e+00
   2.3314461e-02  -2.0209115e+00   1.5345340e+00
   2.3120033e-02  -2.0197034e+00   1.5356277e+00
   2.2933526e-02  -2.0187292e+00   1.5362358e+00
   2.2423815e-02  -2.0173278e+00   1.5382656e+00
   2.2369757e-02  -2.0166295e+00   1.5371059e+00
   2.2123946e-02  -2.0155404e+00   1.5360371e+00
   2.1910653e-02  -2.0147576e+00   1.5344486e+00
   2.1473542e-02  -2.0136113e+00   1.5329375e+00
   2.1163385e-02  -2.0130143e+00   1.5306515e+00
   2.0677878e-02  -2.0121288e+00   1.5271825e+00
   2.0166654e-02  -2.0113189e+00   1.5233717e+00
   1.9693306e-02  -2.0108457e+00   1.5209618e+00
   1.9035826e-02  -2.0103292e+00   1.5183030e+00
   1.8301165e-02  -2.0100124e+00   1.5173142e+00
   1.7414028e-02  -2.0097637e+00   1.5182863e+00
   1.6460191e-02  -2.0096786e+00   1.5200847e+00
   1.4566919e-02  -2.0102794e+00   1.5236809e+00
   1.4068014e-02  -2.0104325e+00   1.5250484e+00
   1.3243388e-02  -2.0107970e+00   1.5274214e+00
   1.2303485e-02  -2.0113466e+00   1.5308222e+00
   1.1600713e-02  -2.0117698e+00   1.5331607e+00
   9.7165648e-03  -2.0128834e+00   1.5376426e+00
   9.1376947e-03  -2.0134306e+00   1.5376090e+00
   8.2349963e-03  -2.0138366e+00   1.5379767e+00
   7.6741567e-03  -2.0142784e+00   1.5371054e+00
   6.4287493e-03  -2.0149648e+00   1.5363219e+00
   5.4414584e-03  -2.0155900e+00   1.5360254e+00
   5.2319206e-03  -2.0158637e+00   1.5357724e+00
   4.8688012e-03  -2.0161047e+00   1.5361750e+00
   4.3975720e-03  -2.0164180e+00   1.5367261e+00
   4.1246521e-03  -2.0166435e+00   1.5371329e+00
   3.9927270e-03  -2.0168574e+00   1.5375961e+00
   3.7998778e-03  -2.0172105e+00   1.5392873e+00
   3.8576606e-03  -2.0176027e+00   1.5395926e+00
   3.8727871e-03  -2.0177002e+00   1.5397376e+00
   4.1108285e-03  -2.0181453e+00   1.5385944e+00
   4.3674908e-03  -2.0184171e+00   1.5377946e+00
   4.8910938e-03  -2.0188382e+00   1.5364772e+00
   5.2862484e-03  -2.0191789e+00   1.5357218e+00
   5.8699162e-03  -2.0196447e+00   1.5347569e+00
   6.5162401e-03  -2.0201032e+00   1.5338721e+00
   7.0008426e-03  -2.0204539e+00   1.5333606e+00
   7.5512994e-03  -2.0207345e+00   1.5330615e+00
   8.1164455e-03  -2.0213547e+00   1.5308553e+00
   8.8409735e-03  -2.0218890e+00   1.5287728e+00
   9.5012765e-03  -2.0221741e+00   1.5270356e+00
   1.0933753e-02  -2.0232511e+00   1.5204895e+00
   1.1470861e-02  -2.0235562e+00   1.5187997e+00
   1.2168980e-02  -2.0238512e+00   1.5171949e+00
   1.2808561e-02  -2.0240948e+00   1.5161099e+00
   1.3325757e-02  -2.0244246e+00   1.5151318e+00
   1.3752510e-02  -2.0244720e+00   1.5159483e+00
   1.4426528e-02  -2.0248489e+00   1.5169834e+00
   1.4708419e-02  -2.0248151e+00   1.5192357e+00
   1.5127272e-02  -2.0248506e+00   1.5223356e+00
   1.5529144e-02  -2.0250716e+00   1.5242003e+00
   1.6147101e-02  -2.0252469e+00   1.5264279e+00
   1.6473390e-02  -2.0252278e+00   1.5283687e+00
   1.7182050e-02  -2.0254879e+00   1.5302435e+00
   1.7728217e-02  -2.0257840e+00   1.5322086e+00
   1.8287238e-02  -2.0261638e+00   1.5334027e+00
   1.8624825e-02  -2.0262651e+00   1.5342572e+00
   1.8992756e-02  -2.0261769e+00   1.5356314e+00
   1.9305779e-02  -2.0262237e+00   1.5361164e+00
   1.9665934e-02  -2.0261822e+00   1.5365171e+00
   1.9959755e-02  -2.0258932e+00   1.5376413e+00
   2.0360479e-02  -2.0257659e+00   1.5391757e+00
   2.0571135e-02  -2.0256040e+00   1.5408776e+00
   2.0634135e-02  -2.0254195e+00   1.5422363e+00
   2.0794569e-02  -2.0251324e+00   1.5437912e+00
   2.0892795e-02  -2.0247192e+00   1.5452576e+00
   2.0951156e-02  -2.0243032e+00   1.5464741e+00
   2.0970495e-02  -2.0239410e+00   1.5473025e+00
   2.1116160e-02  -2.0239558e+00   1.5470086e+00
   2.0959932e-02  -2.0233729e+00   1.5465770e+00
   2.0801697e-02  -2.0231795e+00   1.5449997e+00
   2.0814385e-02  -2.0233195e+00   1.5431093e+00
   2.0626847e-02  -2.0232236e+00   1.5394511e+00
   2.0436432e-02  -2.0232286e+00   1.5377183e+00
   2.0302972e-02  -2.0232534e+00   1.5368023e+00
   2.0049725e-02  -2.0233397e+00   1.5346694e+00
   1.9796215e-02  -2.0234563e+00   1.5326576e+00
   1.9550048e-02  -2.0238469e+00   1.5299994e+00
   1.9289695e-02  -2.0242383e+00   1.5281496e+00
   1.9216333e-02  -2.0243766e+00   1.5278947e+00
   1.9172698e-02  -2.0246966e+00   1.5277570e+00
   1.9225767e-02  -2.0249658e+00   1.5282192e+00
   1.9359255e-02  -2.0252976e+00   1.5291419e+00
   1.9399950e-02  -2.0255754e+00   1.5306420e+00
   1.9689016e-02  -2.0263817e+00   1.5344597e+00
   2.0171572e-02  -2.0267813e+00   1.5376270e+00
   2.0524455e-02  -2.0269094e+00   1.5395912e+00
   2.0908166e-02  -2.0270956e+00   1.5422746e+00
   2.1238651e-02  -2.0272286e+00   1.5441054e+00
   2.1811925e-02  -2.0273476e+00   1.5459399e+00
   2.2118056e-02  -2.0272090e+00   1.5470197e+00
   2.2868963e-02  -2.0272751e+00   1.5471528e+00
   2.3341622e-02  -2.0272813e+00   1.5471734e+00
   2.3918718e-02  -2.0272434e+00   1.5468279e+00
   2.4561647e-02  -2.0271776e+00   1.5455014e+00
   2.4983197e-02  -2.0271120e+00   1.5439935e+00
   2.6116449e-02  -2.0267208e+00   1.5396739e+00
   2.6418524e-02  -2.0264392e+00   1.5387099e+00
   2.6683562e-02  -2.0261102e+00   1.5382912e+00
   2.6814837e-02  -2.0257120e+00   1.5383853e+00
   2.6957547e-02  -2.0251982e+00   1.5408005e+00
   2.6854737e-02  -2.0249300e+00   1.5453550e+00
   2.5854720e-02  -2.0250635e+00   1.5556901e+00
   2.3034498e-02  -2.0259695e+00   1.5711889e+00
   1.9782368e-02  -2.0278080e+00   1.5857751e+00
   1.4018683e-02  -2.0315242e+00   1.6089084e+00
   8.4414743e-03  -2.0350578e+00   1.6297951e+00
   1.6535213e-04  -2.0409622e+00   1.6602184e+00
  -9.9194832e-03  -2.0483208e+00   1.6966925e+00
  -2.1510694e-02  -2.0568860e+00   1.7374467e+00
  -3.3727340e-02  -2.0661337e+00   1.7804393e+00
  -4.5636322e-02  -2.0751131e+00   1.8223056e+00
  -5.7313543e-02  -2.0840180e+00   1.8640519e+00
  -6.5256424e-02  -2.0903990e+00   1.8950280e+00
  -7.7676490e-02  -2.1006374e+00   1.9482437e+00
  -8.5229613e-02  -2.1067545e+00   1.9835852e+00
  -9.4804205e-02  -2.1146324e+00   2.0324564e+00
  -1.0322035e-01  -2.1223011e+00   2.0803373e+00
  -1.1407156e-01  -2.1321483e+00   2.1428633e+00
  -1.2207779e-01  -2.1398816e+00   2.1924126e+00
  -1.2747066e-01  -2.1452887e+00   2.2275000e+00
  -1.3517708e-01  -2.1542392e+00   2.2825818e+00
  -1.4032161e-01  -2.1613150e+00   2.3219378e+00
  -1.4528440e-01  -2.1681883e+00   2.3573275e+00
  -1.4831106e-01  -2.1733694e+00   2.3803146e+00
  -1.5413898e-01  -2.1835101e+00   2.4185801e+00
  -1.5577182e-01  -2.1886725e+00   2.4316862e+00
  -1.5729487e-01  -2.1952238e+00   2.4467306e+00
  -1.5807459e-01  -2.2001057e+00   2.4571788e+00
  -1.5879945e-01  -2.2080312e+00   2.4726148e+00
  -1.5888418e-01  -2.2159472e+00   2.4846668e+00
  -1.5889026e-01  -2.2204418e+00   2.4907844e+00
  -1.5812197e-01  -2.2268372e+00   2.4964631e+00
  -1.5596966e-01  -2.2389901e+00   2.5074358e+00
  -1.5565999e-01  -2.2404797e+00   2.5090103e+00
  -1.5322015e-01  -2.2524464e+00   2.5268624e+00
  -1.5199359e-01  -2.2583792e+00   2.5397215e+00
  -1.5084869e-01  -2.2639649e+00   2.5539055e+00
  -1.4994784e-01  -2.2681196e+00   2.5642180e+00
  -1.4882824e-01  -2.2726858e+00   2.5728748e+00
  -1.4741328e-01  -2.2783620e+00   2.5807679e+00
  -1.4663526e-01  -2.2813742e+00   2.5824304e+00
  -1.4521106e-01  -2.2870159e+00   2.5832016e+00
  -1.4371437e-01  -2.2925253e+00   2.5790424e+00
  -1.4255598e-01  -2.2963862e+00   2.5736320e+00
  -1.4072151e-01  -2.3019009e+00   2.5591819e+00
  -1.3916591e-01  -2.3060114e+00   2.5430574e+00
  -1.3705315e-01  -2.3110132e+00   2.5166783e+00
  -1.3476118e-01  -2.3162665e+00   2.4773974e+00
  -1.3222104e-01  -2.3214264e+00   2.4296491e+00
  -1.2946366e-01  -2.3263390e+00   2.3783157e+00
  -1.2658246e-01  -2.3311706e+00   2.3261778e+00
  -1.2452374e-01  -2.3359625e+00   2.2773461e+00
  -1.2428612e-01  -2.3410690e+00   2.2327201e+00
  -1.2652229e-01  -2.3470383e+00   2.1910059e+00
  -1.3086215e-01  -2.3533800e+00   2.1559634e+00
  -1.3661739e-01  -2.3598838e+00   2.1268167e+00
  -1.4302987e-01  -2.3663261e+00   2.1034124e+00
  -1.5008093e-01  -2.3729029e+00   2.0866339e+00
  -1.5751995e-01  -2.3793373e+00   2.0720737e+00
  -1.6497126e-01  -2.3858533e+00   2.0597429e+00
  -1.7038544e-01  -2.3907373e+00   2.0484486e+00
  -1.8191181e-01  -2.4020026e+00   2.0175033e+00
  -1.8501689e-01  -2.4052384e+00   2.0069039e+00
  -1.9074100e-01  -2.4118180e+00   1.9823055e+00
  -1.9586210e-01  -2.4185405e+00   1.9543896e+00
  -2.0033549e-01  -2.4250727e+00   1.9258897e+00
  -2.0424962e-01  -2.4316740e+00   1.8972082e+00
  -2.1099104e-01  -2.4453127e+00   1.8369960e+00
  -2.1235615e-01  -2.4488094e+00   1.8217447e+00
  -2.1367283e-01  -2.4523504e+00   1.8062748e+00
  -2.1563289e-01  -2.4578545e+00   1.7820804e+00
  -2.1860443e-01  -2.4665689e+00   1.7435548e+00
  -2.2064373e-01  -2.4736381e+00   1.7131828e+00
  -2.2232220e-01  -2.4818959e+00   1.6795077e+00
  -2.2370882e-01  -2.4897120e+00   1.6486027e+00
  -2.2502087e-01  -2.4977603e+00   1.6168873e+00
  -2.2623026e-01  -2.5058341e+00   1.5857192e+00
  -2.2738305e-01  -2.5135715e+00   1.5562594e+00
  -2.2839551e-01  -2.5216193e+00   1.5260482e+00
  -2.2935595e-01  -2.5296581e+00   1.4956679e+00
  -2.3007245e-01  -2.5356259e+00   1.4727594e+00
  -2.3182371e-01  -2.5511773e+00   1.4129347e+00
  -2.3199879e-01  -2.5529616e+00   1.4059222e+00
  -2.3287864e-01  -2.5606620e+00   1.3747499e+00
  -2.3380871e-01  -2.5682652e+00   1.3438072e+00
  -2.3442450e-01  -2.5759795e+00   1.3112036e+00
  -2.3508152e-01  -2.5834823e+00   1.2785203e+00
  -2.3578130e-01  -2.5907898e+00   1.2457613e+00
  -2.3697384e-01  -2.6037896e+00   1.1849774e+00
  -2.3745830e-01  -2.6093063e+00   1.1575999e+00
  -2.3793185e-01  -2.6150699e+00   1.1278309e+00
  -2.3821086e-01  -2.6187937e+00   1.1082191e+00
  -2.3896161e-01  -2.6281209e+00   1.0568886e+00
  -2.3953839e-01  -2.6354575e+00   1.0146257e+00
  -2.4008541e-01  -2.6426070e+00   9.7068048e-01
  -2.4116924e-01  -2.6577275e+00   8.6856073e-01
  -2.4116924e-01  -2.6577275e+00   8.6856073e-01
  -2.4204457e-01  -2.6685271e+00   7.8416741e-01
  -2.4357407e-01  -2.6763380e+00   7.1260756e-01
  -2.4521987e-01  -2.6797328e+00   6.7911416e-01
  -2.4813266e-01  -2.6820610e+00   6.4653355e-01
  -2.5296715e-01  -2.6836381e+00   6.1640078e-01
  -2.6660347e-01  -2.6840122e+00   5.6900585e-01
  -2.7408093e-01  -2.6829135e+00   5.5019873e-01
  -2.9159808e-01  -2.6818042e+00   5.1347888e-01
  -3.1143036e-01  -2.6815577e+00   4.7597232e-01
  -3.3260667e-01  -2.6828699e+00   4.3561742e-01
  -3.4816316e-01  -2.6838689e+00   4.0277258e-01
  -3.6322403e-01  -2.6850748e+00   3.6901888e-01
  -3.8345513e-01  -2.6872528e+00   3.1979960e-01
  -4.0231991e-01  -2.6896098e+00   2.6568651e-01
  -4.1897130e-01  -2.6929739e+00   2.0860144e-01
  -4.3027338e-01  -2.6961286e+00   1.6387722e-01
  -4.4812268e-01  -2.7023995e+00   8.4201962e-02
  -4.5476592e-01  -2.7054350e+00   5.0903469e-02
  -4.6959800e-01  -2.7131941e+00  -1.2022402e-02
  -4.7967988e-01  -2.7196093e+00  -1.8745296e-03
  -4.8661789e-01  -2.7245126e+00   1.0643619e-02
  -4.9918059e-01  -2.7343860e+00   2.8719321e-02
  -5.0558519e-01  -2.7408741e+00   4.2168126e-02
  -5.1674157e-01  -2.7532697e+00   5.6023102e-02
  -5.2660650e-01  -2.7647655e+00   5.4002009e-02
  -5.3595304e-01  -2.7775044e+00   4.6449054e-02
  -5.4599816e-01  -2.7917390e+00   2.6063157e-02
  -5.5664366e-01  -2.8078399e+00  -8.5509801e-03
  -5.5890059e-01  -2.8110986e+00  -3.9730582e-02
  -5.5871075e-01  -2.8100662e+00  -4.1160215e-02
  -5.5750096e-01  -2.8059957e+00  -4.9528874e-02
  -5.5610526e-01  -2.8049250e+00  -3.9707396e-02
  -5.5521369e-01  -2.8042591e+00  -3.3583377e-02
  -5.5432093e-01  -2.8035235e+00  -2.8420936e-02
  -5.5278796e-01  -2.8016133e+00  -2.3015231e-02
  -5.5278796e-01  -2.8016133e+00  -2.3015231e-02
  -5.5278796e-01  -2.8016133e+00  -2.3015231e-02
  -5.5113232e-01  -2.8004501e+00  -1.0085561e-02
  -5.5113232e-01  -2.8004501e+00  -1.0085561e-02
  -5.5045468e-01  -2.8003418e+00  -4.4183577e-03
  -5.5043310e-01  -2.8004396e+00  -3.9046041e-03
  -5.4955906e-01  -2.7998405e+00  -1.2675554e-03
  -5.4986298e-01  -2.8006353e+00  -5.7457056e-04
  -5.5012989e-01  -2.8013268e+00  -2.1296315e-05
  -5.5048394e-01  -2.8023629e+00   5.6422822e-04
  -5.5048394e-01  -2.8023629e+00   5.6422822e-04
  -5.5028230e-01  -2.8030157e+00   1.2407701e-03
  -5.5084509e-01  -2.8041430e+00   9.9421293e-04
  -5.5096954e-01  -2.8043914e+00   9.3009620e-04
  -5.5096954e-01  -2.8043914e+00   9.3009620e-04
  -5.5167484e-01  -2.8060186e+00   7.1987213e-04
  -5.5272597e-01  -2.8069689e+00   4.5988034e-04
  -5.5312639e-01  -2.8073628e+00   3.1402308e-04
  -5.5365300e-01  -2.8079622e+00  -9.0222147e-06
  -5.5404103e-01  -2.8084488e+00  -2.8661307e-04
  -5.5412203e-01  -2.8085580e+00  -3.4265046e-04
  -5.5351520e-01  -2.8083158e+00  -4.7090198e-05
  -5.5442017e-01  -2.8092039e+00  -4.4841875e-04
  -5.5481958e-01  -2.8095956e+00  -5.6333281e-04
  -5.5537999e-01  -2.8100734e+00  -6.2126672e-04
  -5.5569720e-01  -2.8103096e+00  -7.0537155e-04
  -5.5605662e-01  -2.8105009e+00  -6.1465416e-04
  -5.5621547e-01  -2.8106091e+00  -5.6687021e-04
  -5.5636001e-01  -2.8107040e+00  -3.9352875e-04
  -5.5641550e-01  -2.8108592e+00  -4.4011202e-04
  -5.5660409e-01  -2.8109925e+00  -6.0426851e-04
  -5.5656862e-01  -2.8111217e+00  -3.2657725e-04
  -5.5671167e-01  -2.8112161e+00  -1.0997220e-04
  -5.5691373e-01  -2.8113155e+00  -4.2206932e-05
  -5.5676091e-01  -2.8113828e+00   4.6118349e-04
  -5.5655229e-01  -2.8113995e+00   8.2612818e-04
  -5.5622661e-01  -2.8114157e+00   1.3583697e-03
  -5.5574650e-01  -2.8114293e+00   2.0662150e-03
  -5.5552500e-01  -2.8114371e+00   2.3638925e-03
  -5.5489475e-01  -2.8114467e+00   3.1676278e-03
  -5.5432463e-01  -2.8114352e+00   3.8653407e-03
  -5.5369389e-01  -2.8113999e+00   4.5047319e-03
  -5.5301392e-01  -2.8113666e+00   5.3680446e-03
  -5.5869871e-01  -2.8126905e+00   2.1518767e-02
