   2.7338615e-02  -1.9391507e+00   2.0415397e-02
   2.7369544e-02  -1.9390842e+00   2.0418799e-02
   2.7399885e-02  -1.9390510e+00   2.0400854e-02
   2.7427493e-02  -1.9390360e+00   2.0381209e-02
   2.7397908e-02  -1.9389995e+00   2.0396363e-02
   2.7405389e-02  -1.9389906e+00   2.0410661e-02
   2.7406877e-02  -1.9389740e+00   2.0428060e-02
   2.7427828e-02  -1.9389410e+00   2.0473633e-02
   2.7432470e-02  -1.9388677e+00   2.0338522e-02
   2.7453531e-02  -1.9388930e+00   2.0322053e-02
   2.7456595e-02  -1.9387561e+00   2.0291697e-02
   2.7439266e-02  -1.9389468e+00   2.0324795e-02
   2.7406648e-02  -1.9391344e+00   2.0445323e-02
   2.7421221e-02  -1.9394721e+00   2.0855358e-02
   2.7422231e-02  -1.9396663e+00   2.1440001e-02
   2.7126433e-02  -1.9404624e+00   2.8148359e-02
   2.2363633e-02  -1.9422395e+00   7.3320299e-02
   2.1170745e-02  -1.9426452e+00   8.3596148e-02
   1.8515076e-02  -1.9434391e+00   1.0765003e-01
   1.6588792e-02  -1.9441013e+00   1.2691219e-01
   1.4120170e-02  -1.9450567e+00   1.5198348e-01
   1.2305763e-02  -1.9463130e+00   1.7112342e-01
   9.9278390e-03  -1.9482726e+00   1.9483905e-01
   9.3451878e-03  -1.9488417e+00   2.0029186e-01
   3.6360584e-03  -1.9561300e+00   2.4808954e-01
   3.0757531e-03  -1.9565701e+00   2.5255269e-01
  -2.2080496e-04  -1.9628844e+00   2.7760184e-01
  -1.7859150e-03  -1.9667940e+00   2.9037544e-01
  -2.7442912e-03  -1.9699149e+00   2.9938635e-01
  -3.7706334e-03  -1.9740785e+00   3.1099463e-01
  -3.7706334e-03  -1.9740785e+00   3.1099463e-01
  -4.8862533e-03  -1.9798120e+00   3.2950917e-01
  -4.8862533e-03  -1.9798120e+00   3.2950917e-01
  -4.8862533e-03  -1.9798120e+00   3.2950917e-01
  -4.8862533e-03  -1.9798120e+00   3.2950917e-01
  -4.8862533e-03  -1.9798120e+00   3.2950917e-01
  -4.6499409e-03  -1.9934729e+00   3.7886086e-01
  -2.6164530e-03  -2.0015264e+00   4.0826419e-01
  -1.7829090e-03  -2.0038526e+00   4.1756868e-01
  -1.5095416e-03  -2.0046396e+00   4.2071897e-01
   1.3368005e-04  -2.0089419e+00   4.3745944e-01
   1.2971563e-03  -2.0116181e+00   4.4641760e-01
   2.7974444e-03  -2.0147307e+00   4.5414090e-01
   3.3875350e-03  -2.0159230e+00   4.5598635e-01
   4.1880365e-03  -2.0175059e+00   4.5753059e-01
   5.4704933e-03  -2.0199742e+00   4.5763984e-01
   6.3946960e-03  -2.0218024e+00   4.5614401e-01
   6.8523930e-03  -2.0226228e+00   4.5508337e-01
   6.8523930e-03  -2.0226228e+00   4.5508337e-01
   8.5248426e-03  -2.0252984e+00   4.5203608e-01
   9.2331124e-03  -2.0259871e+00   4.5089287e-01
   1.0283757e-02  -2.0269105e+00   4.5051557e-01
   1.0872371e-02  -2.0272801e+00   4.5120826e-01
   1.2560792e-02  -2.0276997e+00   4.5453882e-01
   1.4409138e-02  -2.0273542e+00   4.5853138e-01
   1.5371731e-02  -2.0271213e+00   4.6079737e-01
   1.6010722e-02  -2.0270092e+00   4.6232024e-01
   1.6010722e-02  -2.0270092e+00   4.6232024e-01
   1.8398587e-02  -2.0260289e+00   4.6919361e-01
   1.9786678e-02  -2.0254986e+00   4.7389248e-01
   2.0192990e-02  -2.0251837e+00   4.7575128e-01
   2.1003222e-02  -2.0248871e+00   4.7869751e-01
   2.1267457e-02  -2.0248191e+00   4.7954345e-01
   2.1675732e-02  -2.0247574e+00   4.8035178e-01
   2.1752311e-02  -2.0247688e+00   4.8011059e-01
   2.1686690e-02  -2.0247293e+00   4.7970375e-01
   2.1526961e-02  -2.0248697e+00   4.7837624e-01
   2.1307021e-02  -2.0250041e+00   4.7720745e-01
   2.0888232e-02  -2.0251572e+00   4.7654942e-01
   2.0888232e-02  -2.0251572e+00   4.7654942e-01
   2.0078281e-02  -2.0258412e+00   4.7603598e-01
   1.9340841e-02  -2.0262973e+00   4.7548082e-01
   1.8496135e-02  -2.0267432e+00   4.7554651e-01
   1.7694738e-02  -2.0273755e+00   4.7555327e-01
   1.6941747e-02  -2.0280867e+00   4.7552526e-01
   1.6348019e-02  -2.0285783e+00   4.7556010e-01
   1.5647495e-02  -2.0289199e+00   4.7602150e-01
   1.4829785e-02  -2.0297771e+00   4.7622937e-01
   1.3742886e-02  -2.0303943e+00   4.7704077e-01
   1.3742886e-02  -2.0303943e+00   4.7704077e-01
   1.3742886e-02  -2.0303943e+00   4.7704077e-01
   1.2587461e-02  -2.0318959e+00   4.7751969e-01
   1.2040750e-02  -2.0330927e+00   4.7767019e-01
   1.1852024e-02  -2.0331242e+00   4.7794530e-01
   1.1515951e-02  -2.0346456e+00   4.7801933e-01
   1.1441488e-02  -2.0352230e+00   4.7883150e-01
   1.1441488e-02  -2.0352230e+00   4.7883150e-01
   1.1441488e-02  -2.0352230e+00   4.7883150e-01
   1.1087096e-02  -2.0371985e+00   4.8219794e-01
   1.1117039e-02  -2.0382223e+00   4.8270676e-01
   1.1136257e-02  -2.0387726e+00   4.8338577e-01
   1.1129243e-02  -2.0390005e+00   4.8399276e-01
   1.1129243e-02  -2.0390005e+00   4.8399276e-01
   1.1678228e-02  -2.0398819e+00   4.8370850e-01
   1.1930927e-02  -2.0397837e+00   4.8394948e-01
   1.2702280e-02  -2.0400262e+00   4.8273006e-01
   1.3244187e-02  -2.0398560e+00   4.8213181e-01
   1.4054163e-02  -2.0399039e+00   4.8042005e-01
   1.4743974e-02  -2.0396993e+00   4.7888571e-01
   1.5105759e-02  -2.0393245e+00   4.7838318e-01
   1.5695902e-02  -2.0390725e+00   4.7746912e-01
   1.6375523e-02  -2.0386543e+00   4.7572437e-01
   1.6476305e-02  -2.0380363e+00   4.7565395e-01
   1.7538782e-02  -2.0370841e+00   4.7351822e-01
   1.7944440e-02  -2.0363066e+00   4.7191855e-01
   1.8197449e-02  -2.0355122e+00   4.7058895e-01
   1.8312605e-02  -2.0346274e+00   4.6956933e-01
   1.8300364e-02  -2.0337322e+00   4.6912000e-01
   1.8265359e-02  -2.0333443e+00   4.6918121e-01
   1.7891848e-02  -2.0325055e+00   4.6989444e-01
   1.7522153e-02  -2.0320895e+00   4.7057053e-01
   1.6684828e-02  -2.0316300e+00   4.7136742e-01
   1.6158128e-02  -2.0315785e+00   4.7162893e-01
   1.5301985e-02  -2.0314999e+00   4.7231585e-01
   1.3821893e-02  -2.0318546e+00   4.7320822e-01
   1.2583802e-02  -2.0322192e+00   4.7416490e-01
   1.1642958e-02  -2.0326138e+00   4.7561643e-01
   1.1642958e-02  -2.0326138e+00   4.7561643e-01
   7.7942642e-03  -2.0337162e+00   4.8362705e-01
   6.4329389e-03  -2.0343566e+00   4.8744547e-01
   5.4445160e-03  -2.0348213e+00   4.9035040e-01
   4.1834796e-03  -2.0354173e+00   4.9325761e-01
   3.3559548e-03  -2.0359113e+00   4.9468499e-01
   1.8568919e-03  -2.0368073e+00   4.9575219e-01
   1.1874597e-03  -2.0371356e+00   4.9501246e-01
   1.4700787e-04  -2.0377097e+00   4.9229339e-01
  -4.6187453e-04  -2.0381732e+00   4.8906296e-01
  -7.9978502e-04  -2.0385857e+00   4.8563543e-01
  -1.2268123e-03  -2.0387268e+00   4.8239416e-01
  -1.4196755e-03  -2.0388103e+00   4.8031420e-01
  -1.7033693e-03  -2.0387461e+00   4.7635052e-01
  -1.9163237e-03  -2.0384939e+00   4.6958056e-01
  -2.0482279e-03  -2.0381944e+00   4.6794274e-01
  -2.0482279e-03  -2.0381944e+00   4.6794274e-01
  -2.0482279e-03  -2.0381944e+00   4.6794274e-01
  -2.0482279e-03  -2.0381944e+00   4.6794274e-01
  -2.0651622e-03  -2.0370641e+00   4.5992076e-01
  -2.0651622e-03  -2.0370641e+00   4.5992076e-01
  -2.0915568e-03  -2.0366228e+00   4.5813861e-01
  -2.2074352e-03  -2.0364923e+00   4.5802209e-01
  -2.3368592e-03  -2.0363405e+00   4.5838657e-01
  -2.7011742e-03  -2.0357196e+00   4.6067503e-01
  -3.2927135e-03  -2.0349360e+00   4.6562335e-01
  -3.2927135e-03  -2.0349360e+00   4.6562335e-01
  -3.7927032e-03  -2.0348735e+00   4.7021937e-01
  -4.5230263e-03  -2.0341978e+00   4.7467104e-01
  -4.9106935e-03  -2.0332093e+00   4.7667399e-01
  -5.1220348e-03  -2.0325875e+00   4.7708899e-01
  -6.1733155e-03  -2.0299168e+00   4.7380957e-01
  -6.4466419e-03  -2.0293798e+00   4.7145048e-01
  -6.6581410e-03  -2.0288293e+00   4.6891612e-01
  -6.7944303e-03  -2.0279276e+00   4.6502712e-01
  -6.7944303e-03  -2.0279276e+00   4.6502712e-01
  -6.7944303e-03  -2.0279276e+00   4.6502712e-01
  -7.0759398e-03  -2.0260062e+00   4.5646217e-01
  -7.0759398e-03  -2.0260062e+00   4.5646217e-01
  -6.9793644e-03  -2.0241756e+00   4.4994834e-01
  -6.8486342e-03  -2.0234528e+00   4.4928378e-01
  -6.8486342e-03  -2.0234528e+00   4.4928378e-01
  -6.4100372e-03  -2.0216320e+00   4.4974133e-01
  -6.4100372e-03  -2.0216320e+00   4.4974133e-01
  -5.6785443e-03  -2.0193172e+00   4.5339882e-01
  -5.4952977e-03  -2.0185130e+00   4.5421144e-01
  -5.1311199e-03  -2.0175071e+00   4.5547217e-01
  -4.9852720e-03  -2.0167716e+00   4.5588964e-01
  -4.3915436e-03  -2.0141206e+00   4.5771030e-01
  -4.3915436e-03  -2.0141206e+00   4.5771030e-01
  -3.7548630e-03  -2.0109334e+00   4.5798334e-01
  -3.6545279e-03  -2.0094976e+00   4.5745373e-01
  -3.6545279e-03  -2.0094976e+00   4.5745373e-01
  -3.5855002e-03  -2.0051630e+00   4.5630527e-01
  -3.5855002e-03  -2.0051630e+00   4.5630527e-01
  -3.5855002e-03  -2.0051630e+00   4.5630527e-01
  -3.9955415e-03  -1.9985926e+00   4.5248905e-01
  -3.9955415e-03  -1.9985926e+00   4.5248905e-01
  -3.9955415e-03  -1.9985926e+00   4.5248905e-01
  -3.9955415e-03  -1.9985926e+00   4.5248905e-01
  -3.9955415e-03  -1.9985926e+00   4.5248905e-01
  -3.9955415e-03  -1.9985926e+00   4.5248905e-01
  -7.7716005e-03  -1.9854362e+00   4.3392065e-01
  -8.0904178e-03  -1.9843143e+00   4.3126968e-01
  -8.0904178e-03  -1.9843143e+00   4.3126968e-01
  -8.7788058e-03  -1.9816127e+00   4.2519155e-01
  -8.8260015e-03  -1.9813778e+00   4.2429748e-01
  -8.6488184e-03  -1.9807936e+00   4.2218167e-01
  -4.2124498e-03  -1.9800353e+00   4.1327798e-01
   6.7440355e-03  -1.9796661e+00   3.9925689e-01
   6.7440355e-03  -1.9796661e+00   3.9925689e-01
   3.2916237e-02  -1.9796757e+00   3.7063771e-01
   5.1159501e-02  -1.9802253e+00   3.5304987e-01
   7.8155905e-02  -1.9813403e+00   3.3017632e-01
   1.2363536e-01  -1.9836956e+00   2.9978400e-01
   1.6161573e-01  -1.9864186e+00   2.8091106e-01
   1.6161573e-01  -1.9864186e+00   2.8091106e-01
   2.1978113e-01  -1.9914380e+00   2.6078153e-01
   2.5566658e-01  -1.9946580e+00   2.5259194e-01
   2.6515627e-01  -1.9955455e+00   2.5086972e-01
   3.2257283e-01  -2.0012381e+00   2.4444075e-01
   3.3209315e-01  -2.0021570e+00   2.4377798e-01
   3.8989422e-01  -2.0082655e+00   2.4338722e-01
   4.1902381e-01  -2.0113549e+00   2.4481532e-01
   4.1902381e-01  -2.0113549e+00   2.4481532e-01
   4.9455833e-01  -2.0184603e+00   2.5243786e-01
   4.9455833e-01  -2.0184603e+00   2.5243786e-01
   5.1409024e-01  -2.0199356e+00   2.5527069e-01
   5.1409024e-01  -2.0199356e+00   2.5527069e-01
   5.5274463e-01  -2.0225914e+00   2.6139149e-01
   5.5274463e-01  -2.0225914e+00   2.6139149e-01
   5.5274463e-01  -2.0225914e+00   2.6139149e-01
   5.5274463e-01  -2.0225914e+00   2.6139149e-01
   5.5274463e-01  -2.0225914e+00   2.6139149e-01
   6.8992782e-01  -2.0272732e+00   2.8706908e-01
   6.8992782e-01  -2.0272732e+00   2.8706908e-01
   7.4979615e-01  -2.0260084e+00   3.0092189e-01
   7.4979615e-01  -2.0260084e+00   3.0092189e-01
   7.4979615e-01  -2.0260084e+00   3.0092189e-01
   7.4979615e-01  -2.0260084e+00   3.0092189e-01
   7.4979615e-01  -2.0260084e+00   3.0092189e-01
   8.7864822e-01  -2.0124028e+00   3.3937374e-01
   8.7864822e-01  -2.0124028e+00   3.3937374e-01
   8.7864822e-01  -2.0124028e+00   3.3937374e-01
   9.7360939e-01  -1.9913272e+00   3.8287032e-01
   9.9180549e-01  -1.9862589e+00   3.9457208e-01
   1.0085120e+00  -1.9810246e+00   4.0441412e-01
   1.0085120e+00  -1.9810246e+00   4.0441412e-01
   1.0203632e+00  -1.9771185e+00   4.1180444e-01
   1.0489525e+00  -1.9677384e+00   4.3204769e-01
   1.0489525e+00  -1.9677384e+00   4.3204769e-01
   1.0786949e+00  -1.9582390e+00   4.4737712e-01
   1.0892417e+00  -1.9554659e+00   4.4855812e-01
   1.1026077e+00  -1.9523134e+00   4.4669759e-01
   1.1101362e+00  -1.9508864e+00   4.4281542e-01
   1.1180025e+00  -1.9498757e+00   4.3497273e-01
   1.1241622e+00  -1.9499937e+00   4.2478180e-01
   1.1295199e+00  -1.9518076e+00   4.0977609e-01
   1.1300019e+00  -1.9522339e+00   4.0792415e-01
   1.1315117e+00  -1.9542404e+00   4.0137422e-01
   1.1318802e+00  -1.9582754e+00   3.9473239e-01
   1.1310985e+00  -1.9614841e+00   3.9279029e-01
   1.1310985e+00  -1.9614841e+00   3.9279029e-01
   1.1310985e+00  -1.9614841e+00   3.9279029e-01
   1.1287843e+00  -1.9702606e+00   3.9520454e-01
   1.1272799e+00  -1.9739376e+00   3.9885038e-01
   1.1272799e+00  -1.9739376e+00   3.9885038e-01
   1.1272799e+00  -1.9739376e+00   3.9885038e-01
   1.1187935e+00  -1.9880759e+00   4.1945672e-01
   1.1164274e+00  -1.9911659e+00   4.2478079e-01
   1.1141378e+00  -1.9934341e+00   4.2877939e-01
   1.1076713e+00  -1.9996893e+00   4.4141173e-01
   1.1039567e+00  -2.0022635e+00   4.4736484e-01
   1.1013948e+00  -2.0041697e+00   4.5177066e-01
   1.1000336e+00  -2.0050914e+00   4.5352358e-01
   1.0966408e+00  -2.0067081e+00   4.5637673e-01
   1.0937142e+00  -2.0081553e+00   4.5838264e-01
   1.0913723e+00  -2.0090775e+00   4.5933631e-01
   1.0880165e+00  -2.0101271e+00   4.6010387e-01
   1.0842602e+00  -2.0109780e+00   4.6070817e-01
   1.0825441e+00  -2.0113976e+00   4.6076441e-01
   1.0779626e+00  -2.0122147e+00   4.6017215e-01
   1.0751990e+00  -2.0125313e+00   4.5930770e-01
   1.0711430e+00  -2.0127935e+00   4.5850796e-01
   1.0692991e+00  -2.0128288e+00   4.5786244e-01
   1.0653707e+00  -2.0128686e+00   4.5625964e-01
   1.0653707e+00  -2.0128686e+00   4.5625964e-01
   1.0558099e+00  -2.0122781e+00   4.5279738e-01
   1.0535862e+00  -2.0120225e+00   4.5245025e-01
   1.0481188e+00  -2.0113816e+00   4.5227268e-01
   1.0481188e+00  -2.0113816e+00   4.5227268e-01
   1.0481188e+00  -2.0113816e+00   4.5227268e-01
   1.0360179e+00  -2.0090084e+00   4.5093897e-01
   1.0304680e+00  -2.0078826e+00   4.5014068e-01
   1.0261968e+00  -2.0069952e+00   4.4975311e-01
   1.0222710e+00  -2.0063429e+00   4.5034868e-01
   1.0192933e+00  -2.0058138e+00   4.5104772e-01
   1.0192933e+00  -2.0058138e+00   4.5104772e-01
   1.0109496e+00  -2.0046370e+00   4.5466417e-01
   1.0092901e+00  -2.0044920e+00   4.5518574e-01
   1.0047809e+00  -2.0040224e+00   4.5692614e-01
   1.0034317e+00  -2.0039415e+00   4.5744562e-01
   9.9988401e-01  -2.0038962e+00   4.5914608e-01
   9.9825257e-01  -2.0038750e+00   4.6028012e-01
   9.9825257e-01  -2.0038750e+00   4.6028012e-01
   9.9515241e-01  -2.0041339e+00   4.6057102e-01
   9.9375498e-01  -2.0041623e+00   4.6026659e-01
   9.9375498e-01  -2.0041623e+00   4.6026659e-01
   9.9203342e-01  -2.0046549e+00   4.5888492e-01
   9.9179626e-01  -2.0047715e+00   4.5829043e-01
   9.9179626e-01  -2.0047715e+00   4.5829043e-01
   9.9101710e-01  -2.0056391e+00   4.5663372e-01
   9.9101710e-01  -2.0056391e+00   4.5663372e-01
   9.9147785e-01  -2.0063179e+00   4.5361590e-01
   9.9147785e-01  -2.0063179e+00   4.5361590e-01
   9.9147785e-01  -2.0063179e+00   4.5361590e-01
   9.9147785e-01  -2.0063179e+00   4.5361590e-01
   9.9415493e-01  -2.0081797e+00   4.4778225e-01
   9.9415493e-01  -2.0081797e+00   4.4778225e-01
   9.9415493e-01  -2.0081797e+00   4.4778225e-01
   9.9415493e-01  -2.0081797e+00   4.4778225e-01
   9.9415493e-01  -2.0081797e+00   4.4778225e-01
   9.9415493e-01  -2.0081797e+00   4.4778225e-01
   9.9415493e-01  -2.0081797e+00   4.4778225e-01
   9.9415493e-01  -2.0081797e+00   4.4778225e-01
   9.9415493e-01  -2.0081797e+00   4.4778225e-01
   9.9415493e-01  -2.0081797e+00   4.4778225e-01
   9.9415493e-01  -2.0081797e+00   4.4778225e-01
   9.9415493e-01  -2.0081797e+00   4.4778225e-01
   9.9415493e-01  -2.0081797e+00   4.4778225e-01
   9.9415493e-01  -2.0081797e+00   4.4778225e-01
   9.9415493e-01  -2.0081797e+00   4.4778225e-01
   9.9415493e-01  -2.0081797e+00   4.4778225e-01
   9.9280304e-01  -2.0165434e+00   4.6439397e-01
   9.9280304e-01  -2.0165434e+00   4.6439397e-01
   9.9231589e-01  -2.0171580e+00   4.7067019e-01
   9.8957866e-01  -2.0200601e+00   4.7013938e-01
   9.8766869e-01  -2.0218573e+00   4.7165102e-01
   9.8405325e-01  -2.0247407e+00   4.7529441e-01
   9.8276371e-01  -2.0256891e+00   4.7741264e-01
   9.8276371e-01  -2.0256891e+00   4.7741264e-01
   9.7797740e-01  -2.0288341e+00   4.8402128e-01
   9.7613025e-01  -2.0297759e+00   4.8564142e-01
   9.7476846e-01  -2.0302279e+00   4.8485321e-01
   9.7347271e-01  -2.0306070e+00   4.8218220e-01
   9.7194648e-01  -2.0306773e+00   4.7410619e-01
   9.7122812e-01  -2.0302641e+00   4.6691811e-01
   9.7090453e-01  -2.0295875e+00   4.6049339e-01
   9.7093058e-01  -2.0281248e+00   4.4466564e-01
   9.7162777e-01  -2.0265055e+00   4.3242466e-01
   9.7229111e-01  -2.0256548e+00   4.2641851e-01
   9.7350574e-01  -2.0240934e+00   4.1769636e-01
   9.7507322e-01  -2.0223207e+00   4.1179213e-01
   9.7655821e-01  -2.0211294e+00   4.0901226e-01
   9.7827113e-01  -2.0199382e+00   4.0824980e-01
   9.7827113e-01  -2.0199382e+00   4.0824980e-01
   9.7827113e-01  -2.0199382e+00   4.0824980e-01
   9.7827113e-01  -2.0199382e+00   4.0824980e-01
   9.7827113e-01  -2.0199382e+00   4.0824980e-01
   9.7827113e-01  -2.0199382e+00   4.0824980e-01
   9.7827113e-01  -2.0199382e+00   4.0824980e-01
   9.7827113e-01  -2.0199382e+00   4.0824980e-01
   9.7827113e-01  -2.0199382e+00   4.0824980e-01
   9.7827113e-01  -2.0199382e+00   4.0824980e-01
   9.9465954e-01  -2.0144892e+00   4.7796449e-01
   9.9556857e-01  -2.0152206e+00   4.8339906e-01
   1.0007919e+00  -2.0164261e+00   5.1040465e-01
   1.0035148e+00  -2.0165997e+00   5.2452523e-01
   1.0091935e+00  -2.0167053e+00   5.4639417e-01
   1.0125761e+00  -2.0166695e+00   5.4801846e-01
   1.0150734e+00  -2.0168345e+00   5.3861773e-01
   1.0175740e+00  -2.0170527e+00   5.1821464e-01
   1.0209221e+00  -2.0173929e+00   4.6635476e-01
   1.0237194e+00  -2.0179470e+00   3.8616359e-01
   1.0253862e+00  -2.0183051e+00   3.1485295e-01
   1.0267133e+00  -2.0185802e+00   2.2988161e-01
   1.0274931e+00  -2.0187838e+00   1.5833434e-01
   1.0283163e+00  -2.0188332e+00   5.0358184e-02
   1.0418386e+00  -2.0232267e+00  -1.5888901e-02
   1.0572689e+00  -2.0284305e+00  -3.2919247e-02
   1.0622213e+00  -2.0300901e+00  -3.8197286e-02
   1.0622213e+00  -2.0300901e+00  -3.8197286e-02
   1.1111070e+00  -2.0462046e+00  -1.0152565e-01
   1.1196302e+00  -2.0527422e+00  -1.1068861e-01
   1.1196302e+00  -2.0527422e+00  -1.1068861e-01
   1.1294301e+00  -2.0632584e+00  -1.3079502e-01
   1.1284368e+00  -2.0700717e+00  -1.1073649e-01
   1.1248794e+00  -2.0754449e+00  -1.0240974e-01
   1.1248794e+00  -2.0754449e+00  -1.0240974e-01
   1.1248794e+00  -2.0754449e+00  -1.0240974e-01
   1.1077471e+00  -2.0816348e+00  -7.5217798e-02
   1.1044401e+00  -2.0807180e+00  -6.1411802e-02
   1.1011702e+00  -2.0801206e+00  -4.7063224e-02
   1.0965919e+00  -2.0793474e+00  -3.1052671e-02
   1.0965919e+00  -2.0793474e+00  -3.1052671e-02
   1.0893873e+00  -2.0781462e+00  -1.1134727e-02
   1.0869764e+00  -2.0777807e+00  -1.6579772e-03
   1.0844464e+00  -2.0774324e+00   6.0511068e-03
   1.0834877e+00  -2.0773032e+00   9.3181897e-03
   1.0822831e+00  -2.0771747e+00   1.3549025e-02
   1.0804842e+00  -2.0770969e+00   2.0644393e-02
   1.0805999e+00  -2.0774629e+00   2.5031984e-02
