   0.0000000e+00   0.0000000e+00   0.0000000e+00
   0.0000000e+00   0.0000000e+00   0.0000000e+00
   0.0000000e+00   0.0000000e+00   0.0000000e+00
   0.0000000e+00   0.0000000e+00   0.0000000e+00
   0.0000000e+00   0.0000000e+00   0.0000000e+00
   0.0000000e+00   0.0000000e+00   0.0000000e+00
   0.0000000e+00   0.0000000e+00   0.0000000e+00
   0.0000000e+00   0.0000000e+00   0.0000000e+00
   0.0000000e+00   0.0000000e+00   0.0000000e+00
   0.0000000e+00   0.0000000e+00   0.0000000e+00
   0.0000000e+00   0.0000000e+00   0.0000000e+00
   0.0000000e+00   0.0000000e+00   0.0000000e+00
   0.0000000e+00   0.0000000e+00   0.0000000e+00
   0.0000000e+00   0.0000000e+00   0.0000000e+00
   0.0000000e+00   0.0000000e+00   0.0000000e+00
   0.0000000e+00   0.0000000e+00   0.0000000e+00
   0.0000000e+00   0.0000000e+00   0.0000000e+00
   0.0000000e+00   0.0000000e+00   0.0000000e+00
   0.0000000e+00   0.0000000e+00   0.0000000e+00
   0.0000000e+00   0.0000000e+00   0.0000000e+00
   0.0000000e+00   0.0000000e+00   0.0000000e+00
   0.0000000e+00   0.0000000e+00   0.0000000e+00
   0.0000000e+00   0.0000000e+00   0.0000000e+00
   0.0000000e+00   0.0000000e+00   0.0000000e+00
   0.0000000e+00   0.0000000e+00   0.0000000e+00
   0.0000000e+00   0.0000000e+00   0.0000000e+00
   0.0000000e+00   0.0000000e+00   0.0000000e+00
   0.0000000e+00   0.0000000e+00   0.0000000e+00
   0.0000000e+00   0.0000000e+00   0.0000000e+00
   0.0000000e+00   0.0000000e+00   0.0000000e+00
   0.0000000e+00   0.0000000e+00   0.0000000e+00
   0.0000000e+00   0.0000000e+00   0.0000000e+00
   0.0000000e+00   0.0000000e+00   0.0000000e+00
   0.0000000e+00   0.0000000e+00   0.0000000e+00
   0.0000000e+00   0.0000000e+00   0.0000000e+00
   0.0000000e+00   0.0000000e+00   0.0000000e+00
   0.0000000e+00   0.0000000e+00   0.0000000e+00
   0.0000000e+00   0.0000000e+00   0.0000000e+00
   0.0000000e+00   0.0000000e+00   0.0000000e+00
   0.0000000e+00   0.0000000e+00   0.0000000e+00
   0.0000000e+00   0.0000000e+00   0.0000000e+00
   0.0000000e+00   0.0000000e+00   0.0000000e+00
   0.0000000e+00   0.0000000e+00   0.0000000e+00
   0.0000000e+00   0.0000000e+00   0.0000000e+00
   0.0000000e+00   0.0000000e+00   0.0000000e+00
   0.0000000e+00   0.0000000e+00   0.0000000e+00
   0.0000000e+00   0.0000000e+00   0.0000000e+00
   0.0000000e+00   0.0000000e+00   0.0000000e+00
   0.0000000e+00   0.0000000e+00   0.0000000e+00
   0.0000000e+00   0.0000000e+00   0.0000000e+00
   0.0000000e+00   0.0000000e+00   0.0000000e+00
   0.0000000e+00   0.0000000e+00   0.0000000e+00
   0.0000000e+00   0.0000000e+00   0.0000000e+00
   0.0000000e+00   0.0000000e+00   0.0000000e+00
   0.0000000e+00   0.0000000e+00   0.0000000e+00
   0.0000000e+00   0.0000000e+00   0.0000000e+00
   0.0000000e+00   0.0000000e+00   0.0000000e+00
   0.0000000e+00   0.0000000e+00   0.0000000e+00
   0.0000000e+00   0.0000000e+00   0.0000000e+00
   0.0000000e+00   0.0000000e+00   0.0000000e+00
   0.0000000e+00   0.0000000e+00   0.0000000e+00
   0.0000000e+00   0.0000000e+00   0.0000000e+00
   0.0000000e+00   0.0000000e+00   0.0000000e+00
   0.0000000e+00   0.0000000e+00   0.0000000e+00
   0.0000000e+00   0.0000000e+00   0.0000000e+00
   0.0000000e+00   0.0000000e+00   0.0000000e+00
   0.0000000e+00   0.0000000e+00   0.0000000e+00
   0.0000000e+00   0.0000000e+00   0.0000000e+00
   0.0000000e+00   0.0000000e+00   0.0000000e+00
   0.0000000e+00   0.0000000e+00   0.0000000e+00
   2.9437361e-02  -1.9407840e+00   2.0131687e-02
   2.9437361e-02  -1.9407840e+00   2.0131687e-02
   2.9148282e-02  -1.9410335e+00   2.0143192e-02
   2.9148282e-02  -1.9410335e+00   2.0143192e-02
   2.9036680e-02  -1.9411485e+00   2.0092269e-02
   2.9099790e-02  -1.9410218e+00   2.0028979e-02
   2.9101290e-02  -1.9410281e+00   2.0012358e-02
   2.9146882e-02  -1.9408473e+00   1.9993242e-02
   2.9100945e-02  -1.9407725e+00   1.9913575e-02
   2.9079344e-02  -1.9407365e+00   1.9871319e-02
   2.8934237e-02  -1.9407699e+00   1.9812306e-02
   2.8974807e-02  -1.9408790e+00   1.9840518e-02
   2.9032217e-02  -1.9409537e+00   1.9839901e-02
   2.9371984e-02  -1.9417992e+00   2.2224477e-02
   2.9403934e-02  -1.9419298e+00   2.6483029e-02
   2.9403934e-02  -1.9419298e+00   2.6483029e-02
   2.9369904e-02  -1.9412159e+00   4.3277528e-02
   2.9325187e-02  -1.9398924e+00   6.0281031e-02
   2.9050911e-02  -1.9374558e+00   8.6806297e-02
   2.8805899e-02  -1.9360907e+00   1.0348153e-01
   2.8704094e-02  -1.9342865e+00   1.2485630e-01
   2.8506340e-02  -1.9327680e+00   1.4206314e-01
   2.8191812e-02  -1.9304849e+00   1.6385800e-01
   2.8181508e-02  -1.9288411e+00   1.7934634e-01
   2.8283741e-02  -1.9271896e+00   1.9424944e-01
   2.8699985e-02  -1.9247640e+00   2.1708588e-01
   2.8996821e-02  -1.9243032e+00   2.2020467e-01
   2.9355979e-02  -1.9223521e+00   2.4440540e-01
   2.9503122e-02  -1.9219190e+00   2.5167149e-01
   3.0332595e-02  -1.9212329e+00   2.7947459e-01
   3.0997697e-02  -1.9215043e+00   2.9324159e-01
   3.1755112e-02  -1.9222255e+00   3.0708984e-01
   3.2835376e-02  -1.9232074e+00   3.2061428e-01
   3.3595182e-02  -1.9243879e+00   3.3152112e-01
   3.4574635e-02  -1.9263114e+00   3.4566578e-01
   3.5087913e-02  -1.9275252e+00   3.5289040e-01
   3.5561688e-02  -1.9287939e+00   3.5945249e-01
   3.5561688e-02  -1.9287939e+00   3.5945249e-01
   3.5561688e-02  -1.9287939e+00   3.5945249e-01
   3.5561688e-02  -1.9287939e+00   3.5945249e-01
   3.5561688e-02  -1.9287939e+00   3.5945249e-01
   3.6331601e-02  -1.9418590e+00   4.0025705e-01
   3.7012141e-02  -1.9500601e+00   4.1498232e-01
   3.7397049e-02  -1.9595083e+00   4.2761180e-01
   3.7684701e-02  -1.9703809e+00   4.3680847e-01
   3.7712488e-02  -1.9723290e+00   4.3782938e-01
   3.7712488e-02  -1.9723290e+00   4.3782938e-01
   3.7712488e-02  -1.9723290e+00   4.3782938e-01
   3.7712488e-02  -1.9723290e+00   4.3782938e-01
   3.2802574e-02  -2.0078762e+00   4.5386463e-01
   3.1969238e-02  -2.0115438e+00   4.5464692e-01
   2.9718073e-02  -2.0229144e+00   4.5470786e-01
   2.9718073e-02  -2.0229144e+00   4.5470786e-01
   2.9718073e-02  -2.0229144e+00   4.5470786e-01
   2.9718073e-02  -2.0229144e+00   4.5470786e-01
   2.9718073e-02  -2.0229144e+00   4.5470786e-01
   2.9718073e-02  -2.0229144e+00   4.5470786e-01
   1.9249342e-02  -2.0500805e+00   4.4383672e-01
   1.7409777e-02  -2.0543578e+00   4.3541950e-01
   1.6055677e-02  -2.0570681e+00   4.2894387e-01
   1.5052523e-02  -2.0586581e+00   4.2485029e-01
   1.5052523e-02  -2.0586581e+00   4.2485029e-01
   8.2179001e-03  -2.0633833e+00   4.0339535e-01
   1.9962932e-03  -2.0622952e+00   3.9554211e-01
   1.9962932e-03  -2.0622952e+00   3.9554211e-01
  -2.4208792e-03  -2.0589385e+00   3.9787084e-01
  -2.4208792e-03  -2.0589385e+00   3.9787084e-01
  -7.9598567e-03  -2.0472727e+00   4.2758280e-01
  -8.3640665e-03  -2.0438163e+00   4.3920490e-01
  -8.5730655e-03  -2.0401125e+00   4.5233956e-01
  -8.5730655e-03  -2.0401125e+00   4.5233956e-01
  -8.5730655e-03  -2.0401125e+00   4.5233956e-01
  -7.9450803e-03  -2.0254521e+00   5.0456834e-01
  -7.8829518e-03  -2.0244176e+00   5.0811958e-01
  -7.5271856e-03  -2.0179594e+00   5.2745479e-01
  -7.3794317e-03  -2.0145636e+00   5.3370386e-01
  -7.4801287e-03  -2.0120196e+00   5.3577298e-01
  -7.7282777e-03  -2.0100069e+00   5.3435075e-01
  -7.9079783e-03  -2.0092511e+00   5.3264707e-01
  -7.9079783e-03  -2.0092511e+00   5.3264707e-01
  -9.1609824e-03  -2.0069435e+00   5.1746625e-01
  -9.4735632e-03  -2.0069184e+00   5.1384729e-01
  -1.0543058e-02  -2.0078545e+00   5.0138551e-01
  -1.0742842e-02  -2.0086277e+00   4.9837986e-01
  -1.1556339e-02  -2.0101533e+00   4.9115258e-01
  -1.2335734e-02  -2.0120769e+00   4.7906387e-01
  -1.3488882e-02  -2.0151098e+00   4.4499511e-01
  -1.5072008e-02  -2.0181224e+00   3.8863289e-01
  -1.6110139e-02  -2.0202405e+00   3.3653370e-01
  -1.7008210e-02  -2.0218620e+00   2.8942394e-01
  -1.8005149e-02  -2.0234110e+00   2.3598281e-01
  -1.9374974e-02  -2.0255425e+00   1.5186286e-01
  -2.0489281e-02  -2.0272088e+00   8.0038950e-02
  -1.9411212e-02  -2.0309033e+00  -2.5100457e-02
  -1.6707091e-02  -2.0334649e+00  -5.5514488e-02
  -9.2918370e-03  -2.0419331e+00  -1.1651267e-01
  -7.6046912e-03  -2.0445125e+00  -1.3164619e-01
  -6.7195166e-03  -2.0462065e+00  -1.4232296e-01
  -5.2891979e-03  -2.0499372e+00  -1.6791224e-01
  -4.1791587e-04  -2.0549269e+00  -1.8823695e-01
   7.7189459e-03  -2.0582364e+00  -1.8399490e-01
   1.9863961e-02  -2.0611832e+00  -1.6437845e-01
   2.5372436e-02  -2.0636070e+00  -1.5843064e-01
   3.0304687e-02  -2.0695114e+00  -1.2638655e-01
   3.1733211e-02  -2.0709863e+00  -1.0336104e-01
   3.2892924e-02  -2.0717347e+00  -8.6766668e-02
   3.4437545e-02  -2.0724750e+00  -6.6093415e-02
   3.5831839e-02  -2.0729845e+00  -4.7565140e-02
   3.6737330e-02  -2.0732696e+00  -3.5202812e-02
   3.7708152e-02  -2.0734913e+00  -2.0774629e-02
   3.8535293e-02  -2.0736542e+00  -6.0037673e-03
   3.8842030e-02  -2.0737212e+00   1.1899023e-03
   3.8842030e-02  -2.0737212e+00   1.1899023e-03
   3.9091647e-02  -2.0737548e+00   1.0716084e-02
   3.9063592e-02  -2.0737932e+00   1.8586369e-02
   3.8766399e-02  -2.0737906e+00   2.3260985e-02
   3.8562581e-02  -2.0737746e+00   2.4700791e-02
   3.8562581e-02  -2.0737746e+00   2.4700791e-02
   3.8176883e-02  -2.0737288e+00   2.6009509e-02
   3.7468843e-02  -2.0735705e+00   2.6110280e-02
   3.7186045e-02  -2.0735047e+00   2.5701646e-02
   3.6664978e-02  -2.0733664e+00   2.4729244e-02
   3.6240716e-02  -2.0732398e+00   2.3841728e-02
   3.5839394e-02  -2.0731258e+00   2.2885960e-02
   3.5652008e-02  -2.0730708e+00   2.2410095e-02
   3.5186257e-02  -2.0729594e+00   2.1227686e-02
   3.4977704e-02  -2.0728166e+00   2.0395270e-02
   3.4783512e-02  -2.0727613e+00   1.9955162e-02
   3.4430880e-02  -2.0727088e+00   1.9143632e-02
   3.4052134e-02  -2.0726664e+00   1.8417636e-02
   3.3630040e-02  -2.0726347e+00   1.7744172e-02
   3.3363979e-02  -2.0726101e+00   1.7296789e-02
   3.3160478e-02  -2.0725911e+00   1.7040608e-02
   3.2994747e-02  -2.0725651e+00   1.6864181e-02
   3.2731656e-02  -2.0725646e+00   1.6584655e-02
   3.2564409e-02  -2.0725701e+00   1.6458906e-02
   3.2497581e-02  -2.0725224e+00   1.6371356e-02
   3.2437902e-02  -2.0725427e+00   1.6369589e-02
   3.2320190e-02  -2.0725865e+00   1.6363217e-02
   3.2253765e-02  -2.0726471e+00   1.6399268e-02
   3.2219663e-02  -2.0726922e+00   1.6426105e-02
   3.2206368e-02  -2.0727189e+00   1.6468061e-02
   3.2203067e-02  -2.0727494e+00   1.6492484e-02
   3.2197241e-02  -2.0727782e+00   1.6545352e-02
   3.2193132e-02  -2.0727708e+00   1.6595488e-02
   3.2193132e-02  -2.0727708e+00   1.6595488e-02
   3.2238506e-02  -2.0727561e+00   1.6645292e-02
   3.2297380e-02  -2.0727019e+00   1.6625540e-02
   3.2331806e-02  -2.0727100e+00   1.6652947e-02
   3.2344203e-02  -2.0727143e+00   1.6683057e-02
   3.2344203e-02  -2.0727143e+00   1.6683057e-02
   3.2399204e-02  -2.0726962e+00   1.6791975e-02
   3.2402910e-02  -2.0726972e+00   1.6797923e-02
   3.2413650e-02  -2.0727174e+00   1.6814679e-02
   3.2425229e-02  -2.0727334e+00   1.6858986e-02
   3.2428946e-02  -2.0727403e+00   1.6873999e-02
   3.2421563e-02  -2.0727589e+00   1.6891530e-02
   3.2406859e-02  -2.0727570e+00   1.6917566e-02
   3.2378305e-02  -2.0727527e+00   1.6921302e-02
   3.2356381e-02  -2.0727179e+00   1.6905392e-02
   3.2357227e-02  -2.0726748e+00   1.6919957e-02
   3.2364435e-02  -2.0726428e+00   1.6921507e-02
   3.2363985e-02  -2.0726378e+00   1.6911533e-02
   3.2352589e-02  -2.0726151e+00   1.6915824e-02
   3.2352526e-02  -2.0725653e+00   1.6954832e-02
   3.2315847e-02  -2.0725596e+00   1.6962733e-02
   3.2319926e-02  -2.0725281e+00   1.6925741e-02
   3.2326274e-02  -2.0725136e+00   1.6899982e-02
   3.2341469e-02  -2.0724952e+00   1.6871519e-02
   3.2341469e-02  -2.0724952e+00   1.6871519e-02
   3.2377928e-02  -2.0724597e+00   1.6827133e-02
   3.2449793e-02  -2.0723855e+00   1.6828716e-02
   3.2482527e-02  -2.0723577e+00   1.6846647e-02
   3.2490458e-02  -2.0723534e+00   1.6851477e-02
   3.2572426e-02  -2.0723376e+00   1.6880481e-02
   3.2581512e-02  -2.0723395e+00   1.6886182e-02
   3.2596994e-02  -2.0723550e+00   1.6848134e-02
   3.2602962e-02  -2.0723433e+00   1.6853679e-02
   3.2606166e-02  -2.0723028e+00   1.6863672e-02
   3.2621514e-02  -2.0722172e+00   1.6870741e-02
   3.2547373e-02  -2.0723133e+00   1.6888492e-02
   3.2554425e-02  -2.0723019e+00   1.6878167e-02
   3.2573182e-02  -2.0723016e+00   1.6886104e-02
   3.2588795e-02  -2.0723052e+00   1.6891908e-02
   3.2604132e-02  -2.0723131e+00   1.6891921e-02
   3.2623682e-02  -2.0723324e+00   1.6916538e-02
   3.2639254e-02  -2.0723226e+00   1.6946319e-02
   3.2609191e-02  -2.0723307e+00   1.6986072e-02
   3.2562658e-02  -2.0723627e+00   1.7031854e-02
   3.2387871e-02  -2.0726037e+00   1.7096732e-02
   3.2208845e-02  -2.0728774e+00   1.7445009e-02
   3.1788331e-02  -2.0731642e+00   2.0594483e-02
   3.1409677e-02  -2.0730910e+00   2.5157806e-02
   3.1218499e-02  -2.0727878e+00   3.3863593e-02
   3.3208869e-02  -2.0725758e+00   4.6982542e-02
   3.6242977e-02  -2.0723870e+00   5.5105232e-02
   4.2964578e-02  -2.0713930e+00   6.5425925e-02
   5.2903775e-02  -2.0697925e+00   7.4083358e-02
   6.5826640e-02  -2.0678697e+00   8.0157086e-02
   6.5826640e-02  -2.0678697e+00   8.0157086e-02
   9.4771542e-02  -2.0649009e+00   8.5294455e-02
   1.0941514e-01  -2.0636468e+00   8.5605040e-02
   1.4901702e-01  -2.0610557e+00   8.2694478e-02
   1.6794202e-01  -2.0600390e+00   7.9950064e-02
   1.9476439e-01  -2.0586274e+00   7.5964510e-02
   2.2368059e-01  -2.0571926e+00   7.2625317e-02
   2.4639496e-01  -2.0562174e+00   7.1013592e-02
   2.8568375e-01  -2.0549049e+00   7.0677273e-02
   3.0172172e-01  -2.0544214e+00   7.1563460e-02
   3.3466187e-01  -2.0532706e+00   7.4994236e-02
   3.5964894e-01  -2.0524459e+00   7.8963563e-02
   4.1887408e-01  -2.0508618e+00   9.1748022e-02
   4.4406441e-01  -2.0502200e+00   9.8222934e-02
   4.8570448e-01  -2.0490754e+00   1.0995109e-01
   5.2641243e-01  -2.0480494e+00   1.2216106e-01
   5.5018526e-01  -2.0474582e+00   1.2944879e-01
   5.8096796e-01  -2.0464132e+00   1.3879596e-01
   6.1047858e-01  -2.0454988e+00   1.4825147e-01
   6.3148797e-01  -2.0446949e+00   1.5504077e-01
   6.7272598e-01  -2.0426846e+00   1.6969474e-01
   6.7926729e-01  -2.0423610e+00   1.7222676e-01
   6.7926729e-01  -2.0423610e+00   1.7222676e-01
   7.3981488e-01  -2.0384448e+00   1.9866118e-01
   7.6131928e-01  -2.0369616e+00   2.1007623e-01
   7.6667768e-01  -2.0365710e+00   2.1311440e-01
   7.9721099e-01  -2.0342844e+00   2.3169905e-01
   8.2549858e-01  -2.0320477e+00   2.5034472e-01
   8.5624588e-01  -2.0297935e+00   2.7352604e-01
   8.5624588e-01  -2.0297935e+00   2.7352604e-01
   8.5624588e-01  -2.0297935e+00   2.7352604e-01
   8.5624588e-01  -2.0297935e+00   2.7352604e-01
   8.5624588e-01  -2.0297935e+00   2.7352604e-01
   8.5624588e-01  -2.0297935e+00   2.7352604e-01
   8.5624588e-01  -2.0297935e+00   2.7352604e-01
   8.5624588e-01  -2.0297935e+00   2.7352604e-01
   8.5624588e-01  -2.0297935e+00   2.7352604e-01
   8.5624588e-01  -2.0297935e+00   2.7352604e-01
   8.5624588e-01  -2.0297935e+00   2.7352604e-01
   9.8971772e-01  -2.0277731e+00   4.0997070e-01
   1.0020460e+00  -2.0286796e+00   4.2409483e-01
   1.0020460e+00  -2.0286796e+00   4.2409483e-01
   1.0020460e+00  -2.0286796e+00   4.2409483e-01
   1.0020460e+00  -2.0286796e+00   4.2409483e-01
   1.0020460e+00  -2.0286796e+00   4.2409483e-01
   1.0020460e+00  -2.0286796e+00   4.2409483e-01
   1.0020460e+00  -2.0286796e+00   4.2409483e-01
   1.0020460e+00  -2.0286796e+00   4.2409483e-01
   1.0877160e+00  -2.0341425e+00   4.7887442e-01
   1.0891356e+00  -2.0342653e+00   4.7813237e-01
   1.0971776e+00  -2.0351143e+00   4.7259915e-01
   1.0995518e+00  -2.0354428e+00   4.7077528e-01
   1.1043074e+00  -2.0360904e+00   4.6632135e-01
   1.1066250e+00  -2.0364151e+00   4.6370479e-01
   1.1092947e+00  -2.0368645e+00   4.6010554e-01
   1.1104379e+00  -2.0371315e+00   4.5768493e-01
   1.1104379e+00  -2.0371315e+00   4.5768493e-01
   1.1107799e+00  -2.0373452e+00   4.5754278e-01
   1.1107799e+00  -2.0373452e+00   4.5754278e-01
   1.1087832e+00  -2.0368583e+00   4.6034870e-01
   1.1076636e+00  -2.0365839e+00   4.6179911e-01
   1.1059273e+00  -2.0361698e+00   4.6404734e-01
   1.1029661e+00  -2.0353119e+00   4.6747124e-01
   1.1029661e+00  -2.0353119e+00   4.6747124e-01
   1.0985738e+00  -2.0338497e+00   4.7186089e-01
   1.0957681e+00  -2.0332494e+00   4.7541592e-01
   1.0951016e+00  -2.0331137e+00   4.7603527e-01
   1.0917952e+00  -2.0323672e+00   4.7861043e-01
   1.0881656e+00  -2.0312994e+00   4.8050958e-01
   1.0854744e+00  -2.0304682e+00   4.8130134e-01
   1.0836314e+00  -2.0299973e+00   4.8139715e-01
   1.0836314e+00  -2.0299973e+00   4.8139715e-01
   1.0754322e+00  -2.0273769e+00   4.8026961e-01
   1.0724821e+00  -2.0264130e+00   4.7854021e-01
   1.0696244e+00  -2.0254226e+00   4.7676370e-01
   1.0682462e+00  -2.0249288e+00   4.7570586e-01
   1.0660926e+00  -2.0242698e+00   4.7405136e-01
   1.0594164e+00  -2.0226312e+00   4.6947458e-01
   1.0594164e+00  -2.0226312e+00   4.6947458e-01
   1.0566968e+00  -2.0217900e+00   4.6655989e-01
   1.0566968e+00  -2.0217900e+00   4.6655989e-01
   1.0566968e+00  -2.0217900e+00   4.6655989e-01
   1.0566968e+00  -2.0217900e+00   4.6655989e-01
   1.0566968e+00  -2.0217900e+00   4.6655989e-01
   1.0566968e+00  -2.0217900e+00   4.6655989e-01
   1.0566968e+00  -2.0217900e+00   4.6655989e-01
   1.0566968e+00  -2.0217900e+00   4.6655989e-01
   1.0566968e+00  -2.0217900e+00   4.6655989e-01
   1.0566968e+00  -2.0217900e+00   4.6655989e-01
   1.0566968e+00  -2.0217900e+00   4.6655989e-01
   1.0566968e+00  -2.0217900e+00   4.6655989e-01
   9.3571931e-01  -2.0206964e+00   3.4492010e-01
   9.0785944e-01  -2.0228150e+00   3.1819156e-01
   8.6819488e-01  -2.0256772e+00   2.8476316e-01
   8.4172732e-01  -2.0273890e+00   2.6547459e-01
   8.2314092e-01  -2.0285652e+00   2.5335687e-01
   7.5451678e-01  -2.0316501e+00   2.1923508e-01
   7.5451678e-01  -2.0316501e+00   2.1923508e-01
   7.0673251e-01  -2.0326896e+00   2.0253442e-01
   6.6791290e-01  -2.0320618e+00   1.9411027e-01
   6.6791290e-01  -2.0320618e+00   1.9411027e-01
   5.8733028e-01  -2.0280786e+00   1.8945564e-01
   5.8733028e-01  -2.0280786e+00   1.8945564e-01
   5.2050388e-01  -2.0223687e+00   1.9870187e-01
   4.7207493e-01  -2.0180774e+00   2.1043053e-01
   4.5655546e-01  -2.0167122e+00   2.1469246e-01
   4.2556199e-01  -2.0142891e+00   2.2318523e-01
   4.1068482e-01  -2.0132129e+00   2.2721668e-01
   3.5220715e-01  -2.0091763e+00   2.4356550e-01
   3.4505871e-01  -2.0087886e+00   2.4558014e-01
   3.4505871e-01  -2.0087886e+00   2.4558014e-01
   2.6836032e-01  -2.0058498e+00   2.6778692e-01
   2.2243589e-01  -2.0049102e+00   2.8174657e-01
   2.2243589e-01  -2.0049102e+00   2.8174657e-01
   2.2243589e-01  -2.0049102e+00   2.8174657e-01
   2.2243589e-01  -2.0049102e+00   2.8174657e-01
   1.3669129e-01  -2.0039899e+00   3.1534478e-01
   9.2471391e-02  -2.0035303e+00   3.4120554e-01
   9.2471391e-02  -2.0035303e+00   3.4120554e-01
   9.2471391e-02  -2.0035303e+00   3.4120554e-01
   4.6982244e-02  -2.0026999e+00   3.7437344e-01
   4.6982244e-02  -2.0026999e+00   3.7437344e-01
   6.0441345e-03  -2.0018001e+00   4.0665078e-01
   6.0441345e-03  -2.0018001e+00   4.0665078e-01
   6.0441345e-03  -2.0018001e+00   4.0665078e-01
   6.0441345e-03  -2.0018001e+00   4.0665078e-01
  -5.1608343e-02  -2.0015161e+00   4.4447753e-01
  -5.8286462e-02  -2.0015941e+00   4.4715902e-01
  -7.7390894e-02  -2.0019872e+00   4.5123658e-01
  -8.0496423e-02  -2.0020564e+00   4.5136902e-01
  -9.4624497e-02  -2.0024300e+00   4.4967777e-01
  -9.4624497e-02  -2.0024300e+00   4.4967777e-01
  -1.0680042e-01  -2.0027227e+00   4.4528291e-01
  -1.0680042e-01  -2.0027227e+00   4.4528291e-01
  -1.0680042e-01  -2.0027227e+00   4.4528291e-01
  -1.2882496e-01  -2.0036459e+00   4.3008879e-01
  -1.2882496e-01  -2.0036459e+00   4.3008879e-01
  -1.3657621e-01  -2.0033979e+00   4.2300296e-01
  -1.3657621e-01  -2.0033979e+00   4.2300296e-01
  -1.3657621e-01  -2.0033979e+00   4.2300296e-01
  -1.4103806e-01  -2.0014305e+00   4.1728160e-01
  -1.4103806e-01  -2.0014305e+00   4.1728160e-01
  -1.3921143e-01  -1.9985763e+00   4.1928884e-01
  -1.3921143e-01  -1.9985763e+00   4.1928884e-01
  -1.3921143e-01  -1.9985763e+00   4.1928884e-01
  -1.3121521e-01  -1.9918476e+00   4.2970660e-01
  -1.2489782e-01  -1.9870901e+00   4.3788153e-01
  -1.2489782e-01  -1.9870901e+00   4.3788153e-01
  -1.2489782e-01  -1.9870901e+00   4.3788153e-01
  -1.1604740e-01  -1.9827460e+00   4.4682133e-01
  -1.0715871e-01  -1.9769599e+00   4.5342699e-01
  -1.0262790e-01  -1.9747305e+00   4.5642239e-01
  -9.9001035e-02  -1.9732343e+00   4.5881844e-01
  -9.5225602e-02  -1.9719648e+00   4.6094954e-01
  -8.7211430e-02  -1.9698601e+00   4.6414411e-01
  -8.2025550e-02  -1.9689271e+00   4.6501726e-01
  -7.7026173e-02  -1.9685370e+00   4.6503928e-01
  -7.2239228e-02  -1.9683964e+00   4.6390918e-01
  -7.1070090e-02  -1.9684103e+00   4.6355245e-01
  -6.5447792e-02  -1.9686608e+00   4.6100488e-01
  -6.5447792e-02  -1.9686608e+00   4.6100488e-01
  -5.7199582e-02  -1.9701673e+00   4.5558947e-01
  -5.7199582e-02  -1.9701673e+00   4.5558947e-01
  -5.7199582e-02  -1.9701673e+00   4.5558947e-01
  -4.6058059e-02  -1.9738801e+00   4.4851705e-01
  -4.6058059e-02  -1.9738801e+00   4.4851705e-01
  -4.6058059e-02  -1.9738801e+00   4.4851705e-01
  -4.6058059e-02  -1.9738801e+00   4.4851705e-01
  -3.5710182e-02  -1.9784806e+00   4.4659939e-01
  -3.2680146e-02  -1.9798442e+00   4.4728741e-01
  -3.2680146e-02  -1.9798442e+00   4.4728741e-01
  -2.7810305e-02  -1.9821817e+00   4.5187676e-01
  -2.6319033e-02  -1.9828912e+00   4.5416284e-01
  -2.5108706e-02  -1.9833977e+00   4.5627344e-01
  -2.5108706e-02  -1.9833977e+00   4.5627344e-01
  -2.2518549e-02  -1.9849180e+00   4.6081525e-01
  -2.1135855e-02  -1.9858402e+00   4.6366325e-01
  -2.1135855e-02  -1.9858402e+00   4.6366325e-01
  -2.1135855e-02  -1.9858402e+00   4.6366325e-01
  -1.7784247e-02  -1.9874152e+00   4.6773437e-01
  -1.5529618e-02  -1.9879615e+00   4.6355757e-01
  -1.3976796e-02  -1.9881598e+00   4.6056938e-01
  -1.3976796e-02  -1.9881598e+00   4.6056938e-01
  -1.3976796e-02  -1.9881598e+00   4.6056938e-01
  -1.3976796e-02  -1.9881598e+00   4.6056938e-01
   4.2726330e-02  -1.9883970e+00   3.8892648e-01
   6.3193440e-02  -1.9875258e+00   3.6839148e-01
   8.7956294e-02  -1.9863312e+00   3.4663975e-01
   9.4877452e-02  -1.9859664e+00   3.4099936e-01
   1.1649601e-01  -1.9848272e+00   3.2491127e-01
   1.6479537e-01  -1.9821903e+00   2.9597715e-01
   2.0041686e-01  -1.9800541e+00   2.8007942e-01
   2.3758912e-01  -1.9776111e+00   2.6749423e-01
   2.6607880e-01  -1.9756905e+00   2.6037785e-01
   3.0457169e-01  -1.9730701e+00   2.5359622e-01
   3.5331243e-01  -1.9697405e+00   2.4918045e-01
   3.8349569e-01  -1.9679571e+00   2.4860233e-01
   4.2091459e-01  -1.9653798e+00   2.4971256e-01
   4.5867184e-01  -1.9628686e+00   2.5256488e-01
   4.9565709e-01  -1.9607861e+00   2.5672990e-01
   5.2340269e-01  -1.9594023e+00   2.6032719e-01
   5.6785899e-01  -1.9575722e+00   2.6712212e-01
   5.9372646e-01  -1.9567339e+00   2.7125907e-01
   6.4410967e-01  -1.9558254e+00   2.8047654e-01
   6.5226591e-01  -1.9557575e+00   2.8206789e-01
   6.9971210e-01  -1.9558533e+00   2.9214802e-01
   7.3018807e-01  -1.9566586e+00   2.9953215e-01
   7.7340817e-01  -1.9589818e+00   3.1156281e-01
   8.0582708e-01  -1.9620289e+00   3.2211098e-01
   8.1228167e-01  -1.9627538e+00   3.2437116e-01
   8.3760673e-01  -1.9660122e+00   3.3368295e-01
   8.3760673e-01  -1.9660122e+00   3.3368295e-01
   8.3760673e-01  -1.9660122e+00   3.3368295e-01
   8.3760673e-01  -1.9660122e+00   3.3368295e-01
   8.3760673e-01  -1.9660122e+00   3.3368295e-01
   8.3760673e-01  -1.9660122e+00   3.3368295e-01
   8.3760673e-01  -1.9660122e+00   3.3368295e-01
   8.3760673e-01  -1.9660122e+00   3.3368295e-01
   8.3760673e-01  -1.9660122e+00   3.3368295e-01
   8.3760673e-01  -1.9660122e+00   3.3368295e-01
   8.3760673e-01  -1.9660122e+00   3.3368295e-01
   8.3760673e-01  -1.9660122e+00   3.3368295e-01
   1.0537595e+00  -2.0181212e+00   4.3048152e-01
   1.0537595e+00  -2.0181212e+00   4.3048152e-01
   1.0537595e+00  -2.0181212e+00   4.3048152e-01
   1.0537595e+00  -2.0181212e+00   4.3048152e-01
   1.0537595e+00  -2.0181212e+00   4.3048152e-01
   1.0537595e+00  -2.0181212e+00   4.3048152e-01
   1.0537595e+00  -2.0181212e+00   4.3048152e-01
   1.1531430e+00  -2.0494266e+00   4.4447577e-01
   1.1637895e+00  -2.0521955e+00   4.4116771e-01
   1.1693623e+00  -2.0534139e+00   4.3914554e-01
   1.1745536e+00  -2.0544047e+00   4.3659803e-01
   1.1745536e+00  -2.0544047e+00   4.3659803e-01
   1.1847813e+00  -2.0559251e+00   4.2911318e-01
   1.1847813e+00  -2.0559251e+00   4.2911318e-01
   1.1910200e+00  -2.0548768e+00   4.2228398e-01
   1.1910200e+00  -2.0548768e+00   4.2228398e-01
   1.1910200e+00  -2.0548768e+00   4.2228398e-01
   1.1910200e+00  -2.0548768e+00   4.2228398e-01
   1.1857598e+00  -2.0476892e+00   4.2710504e-01
   1.1857598e+00  -2.0476892e+00   4.2710504e-01
   1.1751605e+00  -2.0414851e+00   4.3756932e-01
   1.1699992e+00  -2.0385666e+00   4.4358099e-01
   1.1636459e+00  -2.0353513e+00   4.4913891e-01
   1.1603563e+00  -2.0337422e+00   4.5152733e-01
   1.1537292e+00  -2.0306637e+00   4.5607865e-01
   1.1448718e+00  -2.0268729e+00   4.6032429e-01
   1.1381304e+00  -2.0240369e+00   4.6297193e-01
   1.1316926e+00  -2.0214071e+00   4.6440846e-01
   1.1264158e+00  -2.0193591e+00   4.6478218e-01
   1.1184196e+00  -2.0163960e+00   4.6414459e-01
   1.1107265e+00  -2.0136983e+00   4.6210390e-01
   1.1094111e+00  -2.0132413e+00   4.6157029e-01
   1.1005692e+00  -2.0102379e+00   4.5725924e-01
   1.0965450e+00  -2.0088527e+00   4.5506290e-01
   1.0904071e+00  -2.0070629e+00   4.5050046e-01
   1.0868634e+00  -2.0060396e+00   4.4808760e-01
   1.0868634e+00  -2.0060396e+00   4.4808760e-01
   1.0763779e+00  -2.0029616e+00   4.3986592e-01
   1.0737991e+00  -2.0023377e+00   4.3780413e-01
   1.0696391e+00  -2.0013249e+00   4.3545139e-01
   1.0655717e+00  -2.0001221e+00   4.3278345e-01
   1.0631225e+00  -1.9993610e+00   4.3161339e-01
   1.0607650e+00  -1.9987777e+00   4.3132943e-01
   1.0585476e+00  -1.9981936e+00   4.3172181e-01
   1.0553721e+00  -1.9975322e+00   4.3303329e-01
   1.0515325e+00  -1.9969397e+00   4.3561289e-01
   1.0482272e+00  -1.9964343e+00   4.3756267e-01
   1.0452638e+00  -1.9960741e+00   4.3916953e-01
   1.0419271e+00  -1.9959431e+00   4.4122684e-01
   1.0419271e+00  -1.9959431e+00   4.4122684e-01
   1.0344915e+00  -1.9952422e+00   4.4438171e-01
   1.0319628e+00  -1.9949363e+00   4.4538596e-01
   1.0286916e+00  -1.9943683e+00   4.4559726e-01
   1.0261732e+00  -1.9941602e+00   4.4546250e-01
   1.0227039e+00  -1.9938469e+00   4.4498679e-01
   1.0201082e+00  -1.9935007e+00   4.4474250e-01
   1.0159988e+00  -1.9927549e+00   4.4427824e-01
   1.0159988e+00  -1.9927549e+00   4.4427824e-01
   1.0116841e+00  -1.9917116e+00   4.4350162e-01
   1.0075424e+00  -1.9906210e+00   4.4333094e-01
   1.0050269e+00  -1.9897666e+00   4.4297653e-01
   1.0024011e+00  -1.9886901e+00   4.4276738e-01
   9.9996251e-01  -1.9876117e+00   4.4289479e-01
   9.9808776e-01  -1.9865806e+00   4.4232601e-01
   9.9560905e-01  -1.9857271e+00   4.4001484e-01
   9.9560905e-01  -1.9857271e+00   4.4001484e-01
   9.9560905e-01  -1.9857271e+00   4.4001484e-01
   9.9560905e-01  -1.9857271e+00   4.4001484e-01
   9.9560905e-01  -1.9857271e+00   4.4001484e-01
   9.9560905e-01  -1.9857271e+00   4.4001484e-01
   9.3309057e-01  -1.9818898e+00   3.7767336e-01
   8.8779455e-01  -1.9810679e+00   3.3499965e-01
   8.8071632e-01  -1.9810261e+00   3.2840160e-01
   8.5197675e-01  -1.9807236e+00   3.0115312e-01
   8.2728302e-01  -1.9806525e+00   2.7994221e-01
   7.9199737e-01  -1.9804958e+00   2.5184503e-01
   7.4498463e-01  -1.9801166e+00   2.1998052e-01
   7.4498463e-01  -1.9801166e+00   2.1998052e-01
   6.6719943e-01  -1.9774660e+00   1.8073289e-01
   6.4784974e-01  -1.9763033e+00   1.7348863e-01
   5.9428394e-01  -1.9701114e+00   1.5589076e-01
   5.5096352e-01  -1.9644309e+00   1.4775822e-01
   5.3303683e-01  -1.9622004e+00   1.4604761e-01
   5.3303683e-01  -1.9622004e+00   1.4604761e-01
   4.6819130e-01  -1.9533980e+00   1.4606576e-01
   4.6819130e-01  -1.9533980e+00   1.4606576e-01
   3.9731869e-01  -1.9447756e+00   1.5774913e-01
   3.8271832e-01  -1.9432033e+00   1.6131392e-01
   3.4730938e-01  -1.9400470e+00   1.7165929e-01
   3.1948584e-01  -1.9385093e+00   1.8136640e-01
   3.0602834e-01  -1.9379778e+00   1.8621290e-01
   2.6037046e-01  -1.9377655e+00   2.0197496e-01
   2.4146944e-01  -1.9382102e+00   2.0827809e-01
   2.2812158e-01  -1.9387978e+00   2.1283020e-01
   2.0260927e-01  -1.9403571e+00   2.2135437e-01
   1.7169020e-01  -1.9431571e+00   2.3156132e-01
   1.4222936e-01  -1.9466683e+00   2.4172410e-01
   1.3604268e-01  -1.9475757e+00   2.4413455e-01
   9.1486521e-02  -1.9548007e+00   2.6296934e-01
   6.5607660e-02  -1.9600439e+00   2.7621645e-01
   4.1150425e-02  -1.9656495e+00   2.9106110e-01
   2.2774164e-02  -1.9700421e+00   3.0352345e-01
   9.6439188e-03  -1.9733821e+00   3.1338018e-01
  -1.0973766e-02  -1.9789549e+00   3.2986838e-01
  -2.2617865e-02  -1.9824002e+00   3.3967224e-01
  -2.6679413e-02  -1.9836322e+00   3.4318766e-01
  -4.7846410e-02  -1.9901757e+00   3.6235386e-01
  -5.7242069e-02  -1.9931720e+00   3.7115648e-01
  -7.1753860e-02  -1.9979368e+00   3.8490710e-01
  -7.9699814e-02  -2.0005720e+00   3.9234579e-01
  -8.6955369e-02  -2.0031805e+00   3.9921278e-01
  -9.7409777e-02  -2.0071223e+00   4.0881315e-01
  -1.0456119e-01  -2.0098312e+00   4.1520208e-01
  -1.1084886e-01  -2.0121300e+00   4.2051134e-01
  -1.1721779e-01  -2.0147059e+00   4.2572957e-01
  -1.2088823e-01  -2.0164626e+00   4.2906743e-01
  -1.2327048e-01  -2.0173829e+00   4.3101525e-01
  -1.2532909e-01  -2.0182419e+00   4.3274674e-01
  -1.2674768e-01  -2.0187271e+00   4.3332574e-01
  -1.2674768e-01  -2.0187271e+00   4.3332574e-01
  -1.2790343e-01  -2.0195751e+00   4.3291843e-01
  -1.2760375e-01  -2.0194609e+00   4.3203670e-01
  -1.2692378e-01  -2.0191355e+00   4.3114686e-01
  -1.2692378e-01  -2.0191355e+00   4.3114686e-01
  -1.2225381e-01  -2.0174193e+00   4.3001467e-01
  -1.2009914e-01  -2.0155394e+00   4.2869696e-01
  -1.2009914e-01  -2.0155394e+00   4.2869696e-01
  -1.1399199e-01  -2.0129652e+00   4.2946479e-01
  -1.1188723e-01  -2.0115674e+00   4.2975006e-01
  -1.0755983e-01  -2.0083618e+00   4.3174618e-01
  -1.0355109e-01  -2.0054882e+00   4.3409884e-01
  -1.0355109e-01  -2.0054882e+00   4.3409884e-01
  -9.6959747e-02  -2.0006678e+00   4.3877095e-01
  -9.6959747e-02  -2.0006678e+00   4.3877095e-01
  -9.6959747e-02  -2.0006678e+00   4.3877095e-01
  -8.8542603e-02  -1.9946908e+00   4.4321305e-01
  -8.8542603e-02  -1.9946908e+00   4.4321305e-01
  -7.9863749e-02  -1.9889430e+00   4.4559523e-01
  -7.8317076e-02  -1.9880298e+00   4.4543496e-01
  -7.8317076e-02  -1.9880298e+00   4.4543496e-01
  -7.0552818e-02  -1.9838554e+00   4.4153699e-01
  -6.9791943e-02  -1.9834274e+00   4.4090119e-01
  -6.5098070e-02  -1.9812670e+00   4.3638247e-01
  -6.1689042e-02  -1.9800639e+00   4.3314412e-01
  -6.0262818e-02  -1.9794611e+00   4.3110269e-01
  -5.5239767e-02  -1.9779379e+00   4.2448062e-01
  -5.5239767e-02  -1.9779379e+00   4.2448062e-01
  -5.0903026e-02  -1.9773040e+00   4.2121628e-01
  -4.6958525e-02  -1.9769577e+00   4.1869587e-01
  -4.6958525e-02  -1.9769577e+00   4.1869587e-01
  -4.6958525e-02  -1.9769577e+00   4.1869587e-01
  -4.0963549e-02  -1.9769000e+00   4.1854233e-01
  -3.7936993e-02  -1.9771398e+00   4.1878790e-01
  -3.5389811e-02  -1.9771823e+00   4.1550812e-01
  -3.1564813e-02  -1.9769478e+00   3.9705700e-01
  -2.8837951e-02  -1.9767518e+00   3.7362942e-01
  -2.6755502e-02  -1.9763259e+00   3.4935397e-01
  -2.3534663e-02  -1.9753851e+00   2.9391772e-01
  -2.1116201e-02  -1.9741166e+00   2.3556529e-01
  -1.8801663e-02  -1.9724259e+00   1.6326134e-01
  -1.5753340e-02  -1.9692702e+00   3.1359080e-02
  -6.2454618e-03  -1.9814959e+00  -4.2314902e-03
  -1.5725160e-04  -1.9889086e+00  -2.1217834e-02
   1.0406570e-02  -2.0002599e+00  -6.2197138e-02
   1.1649949e-02  -2.0002918e+00  -6.4778395e-02
   1.1784011e-02  -1.9996355e+00  -6.4652935e-02
   1.1784011e-02  -1.9996355e+00  -6.4652935e-02
   1.2061516e-02  -1.9957267e+00  -5.8307745e-02
   1.2061516e-02  -1.9957267e+00  -5.8307745e-02
   1.2061516e-02  -1.9957267e+00  -5.8307745e-02
   1.2100041e-02  -1.9900686e+00  -4.1240975e-02
   1.2610445e-02  -1.9878179e+00  -2.8858650e-02
   1.2610445e-02  -1.9878179e+00  -2.8858650e-02
   1.3386300e-02  -1.9854690e+00  -1.5803628e-02
   1.3687051e-02  -1.9847789e+00  -1.1925802e-02
   1.3687051e-02  -1.9847789e+00  -1.1925802e-02
   1.4780910e-02  -1.9825708e+00   1.2370279e-03
   1.4780910e-02  -1.9825708e+00   1.2370279e-03
   1.5680175e-02  -1.9811268e+00   1.1569414e-02
   1.5680175e-02  -1.9811268e+00   1.1569414e-02
   1.6319405e-02  -1.9795445e+00   1.7586621e-02
   1.6527720e-02  -1.9800329e+00   1.9299082e-02
   1.6691467e-02  -1.9803734e+00   2.0266661e-02
   1.6943067e-02  -1.9808813e+00   2.1353194e-02
   1.6991816e-02  -1.9810140e+00   2.1489039e-02
   1.6991816e-02  -1.9810140e+00   2.1489039e-02
   1.7325455e-02  -1.9818547e+00   2.2145644e-02
   1.7325455e-02  -1.9818547e+00   2.2145644e-02
   1.7415745e-02  -1.9838221e+00   2.1499069e-02
   1.7419934e-02  -1.9843321e+00   2.1299409e-02
   1.7467739e-02  -1.9848980e+00   2.0838685e-02
   1.7417524e-02  -1.9861077e+00   2.0398030e-02
   1.7363084e-02  -1.9871733e+00   2.0018937e-02
   1.7300690e-02  -1.9879032e+00   1.9750418e-02
   1.7206891e-02  -1.9891750e+00   1.9316364e-02
   1.7206891e-02  -1.9891750e+00   1.9316364e-02
   1.7107097e-02  -1.9903843e+00   1.8962592e-02
   1.7120399e-02  -1.9902322e+00   1.8893197e-02
   1.7072154e-02  -1.9912400e+00   1.8745242e-02
   1.7066384e-02  -1.9920861e+00   1.8681783e-02
   1.7024098e-02  -1.9926766e+00   1.8609975e-02
   1.6998272e-02  -1.9929105e+00   1.8556125e-02
   1.6924016e-02  -1.9935468e+00   1.8594358e-02
   1.6888648e-02  -1.9938252e+00   1.8597584e-02
   1.6726447e-02  -1.9947426e+00   1.8652368e-02
   1.6718347e-02  -1.9948516e+00   1.8650837e-02
   1.6647320e-02  -1.9952655e+00   1.8695308e-02
   1.6617898e-02  -1.9955001e+00   1.8739719e-02
   1.6616600e-02  -1.9956588e+00   1.8795406e-02
   1.6595714e-02  -1.9958522e+00   1.8775746e-02
   1.6589234e-02  -1.9959431e+00   1.8780131e-02
   1.6583312e-02  -1.9960181e+00   1.8762061e-02
   1.6584218e-02  -1.9960712e+00   1.8760707e-02
   1.6620910e-02  -1.9960278e+00   1.8750146e-02
   1.6642196e-02  -1.9960492e+00   1.8752452e-02
   1.6622964e-02  -1.9960967e+00   1.8751290e-02
   1.6623868e-02  -1.9960715e+00   1.8742457e-02
   1.6685830e-02  -1.9959228e+00   1.8807268e-02
   1.6728019e-02  -1.9958732e+00   1.8847326e-02
   1.6790036e-02  -1.9958018e+00   1.8926477e-02
