  -8.0277199e-01  -9.4399899e-01   6.7403615e-01
  -7.9368144e-01  -8.9185822e-01   6.6712248e-01
  -7.8006572e-01  -7.6017952e-01   6.5267420e-01
  -7.7746361e-01  -7.0702082e-01   6.4882243e-01
  -7.7528864e-01  -5.4497588e-01   6.4085019e-01
  -7.7548063e-01  -5.1750821e-01   6.3940918e-01
  -7.7548063e-01  -5.1750821e-01   6.3940918e-01
  -7.6673859e-01  -1.8958122e-01   6.0397553e-01
  -6.5427530e-01   3.6254811e-01   4.4853079e-01
  -6.1327672e-01   5.0605136e-01   4.1196799e-01
  -6.1327672e-01   5.0605136e-01   4.1196799e-01
  -5.6375265e-01   6.8389124e-01   3.7402365e-01
  -5.2620512e-01   8.3654892e-01   3.4181258e-01
  -4.9062887e-01   9.9286211e-01   3.0289558e-01
  -4.9062887e-01   9.9286211e-01   3.0289558e-01
  -4.5864981e-01   1.1499848e+00   2.5457284e-01
  -1.6439341e-01  -2.0928528e+00   4.7935462e-01
  -1.6439341e-01  -2.0928528e+00   4.7935462e-01
  -1.3485545e-01  -2.0639870e+00   4.2505589e-01
  -1.3369133e-01  -2.0530639e+00   3.9979374e-01
  -1.2283146e-01  -2.0340974e+00   3.5807702e-01
  -1.2588118e-01  -2.0223079e+00   3.3356026e-01
  -1.2020932e-01  -2.0057852e+00   3.0261120e-01
  -1.1100005e-01  -1.9820065e+00   2.6311380e-01
  -8.8164255e-02  -1.9436457e+00   2.0593895e-01
  -8.0229267e-02  -1.9252396e+00   1.8501145e-01
  -4.2135485e-02  -1.9045675e+00   1.4065583e-01
  -9.2948023e-03  -1.8916433e+00   1.0912652e-01
   1.1205882e-02  -1.8903722e+00   8.9041568e-02
   1.1205882e-02  -1.8903722e+00   8.9041568e-02
   3.9617311e-02  -1.8806094e+00   6.2117316e-02
   5.0978597e-02  -1.8792062e+00   5.0707880e-02
   6.2844567e-02  -1.8891532e+00   3.2696441e-02
   7.0521630e-02  -1.8943868e+00   2.2155469e-02
   7.6266639e-02  -1.8985119e+00   1.4859694e-02
   7.8670517e-02  -1.8999996e+00   1.1768664e-02
   7.8670517e-02  -1.8999996e+00   1.1768664e-02
   8.3663493e-02  -1.9062963e+00   1.3958801e-03
   8.2679853e-02  -1.9066327e+00  -4.9942359e-04
   8.4129937e-02  -1.9052067e+00  -3.4452917e-03
   1.0349313e-01  -1.8965079e+00  -1.2286361e-02
   1.3839535e-01  -1.8828871e+00  -2.5589712e-02
   1.6443369e-01  -1.8734250e+00  -3.4709029e-02
   1.7969637e-01  -1.8681016e+00  -3.9772138e-02
   2.1063827e-01  -1.8576331e+00  -4.9475364e-02
   1.6908970e-01  -1.8748274e+00  -3.7587382e-02
   1.6908970e-01  -1.8748274e+00  -3.7587382e-02
   2.0720980e-01  -1.8632998e+00  -4.9076095e-02
   2.0720980e-01  -1.8632998e+00  -4.9076095e-02
   1.7280854e-01  -1.8798320e+00  -3.7499018e-02
   1.7280854e-01  -1.8798320e+00  -3.7499018e-02
   2.3631971e-01  -1.8654717e+00  -5.4454364e-02
   2.5551367e-01  -1.8615346e+00  -5.9161596e-02
   1.5196645e-01  -1.8969915e+00  -2.7243569e-02
   7.5041071e-02  -1.9244155e+00   3.5326168e-04
   5.7108585e-02  -1.9321926e+00   7.5351014e-03
   4.7597602e-02  -1.9374943e+00   1.1736480e-02
   4.6193831e-02  -1.9384625e+00   1.2400179e-02
   4.6193831e-02  -1.9384625e+00   1.2400179e-02
   3.9509922e-02  -1.9447529e+00   1.5896842e-02
   3.9242379e-02  -1.9462649e+00   1.6208937e-02
   3.7388086e-02  -1.9475185e+00   1.6996153e-02
   3.5427053e-02  -1.9484506e+00   1.7750440e-02
   3.5103343e-02  -1.9486445e+00   1.7920339e-02
   3.5103343e-02  -1.9486445e+00   1.7920339e-02
   3.3100121e-02  -1.9500601e+00   1.8963324e-02
   3.1840656e-02  -1.9498026e+00   1.9417072e-02
   3.0842153e-02  -1.9495407e+00   1.9813199e-02
   3.0189108e-02  -1.9492365e+00   2.0017385e-02
   2.9353099e-02  -1.9486083e+00   2.0233029e-02
   2.8921589e-02  -1.9482992e+00   2.0354524e-02
   2.8763128e-02  -1.9481337e+00   2.0385275e-02
   2.8136594e-02  -1.9474820e+00   2.0446936e-02
   2.7844090e-02  -1.9471474e+00   2.0460574e-02
   2.7472833e-02  -1.9466654e+00   2.0462183e-02
   2.7019057e-02  -1.9461149e+00   2.0502901e-02
   2.6840737e-02  -1.9458747e+00   2.0536790e-02
   2.6681900e-02  -1.9456387e+00   2.0561893e-02
   2.5842687e-02  -1.9442517e+00   2.0437349e-02
   2.5686054e-02  -1.9438916e+00   2.0407317e-02
   2.5711864e-02  -1.9437748e+00   2.0392936e-02
   2.5389500e-02  -1.9432713e+00   2.0369768e-02
   2.5210924e-02  -1.9428014e+00   2.0324819e-02
   2.5105324e-02  -1.9425988e+00   2.0329447e-02
   2.5105324e-02  -1.9425988e+00   2.0329447e-02
   2.4797961e-02  -1.9420125e+00   2.0301584e-02
   2.4796002e-02  -1.9419707e+00   2.0296657e-02
   2.4796002e-02  -1.9419707e+00   2.0296657e-02
   2.4693554e-02  -1.9415753e+00   2.0247186e-02
   2.4636822e-02  -1.9414641e+00   2.0234050e-02
   2.4651250e-02  -1.9412831e+00   2.0247890e-02
   2.4650378e-02  -1.9412515e+00   2.0254448e-02
   2.4645725e-02  -1.9412374e+00   2.0274097e-02
   2.4703767e-02  -1.9412615e+00   2.0365506e-02
   2.4722336e-02  -1.9412724e+00   2.0412087e-02
   2.4722336e-02  -1.9412724e+00   2.0412087e-02
   2.4813522e-02  -1.9413261e+00   2.0566534e-02
   2.4820527e-02  -1.9413302e+00   2.0605577e-02
   2.4869854e-02  -1.9413515e+00   2.0659462e-02
   2.4871934e-02  -1.9413404e+00   2.0697437e-02
   2.4983630e-02  -1.9413606e+00   2.0687375e-02
   2.4931742e-02  -1.9413483e+00   2.0686673e-02
   2.4931742e-02  -1.9413483e+00   2.0686673e-02
   2.4864227e-02  -1.9413404e+00   2.0700205e-02
   2.4840645e-02  -1.9413329e+00   2.0710984e-02
   2.4907554e-02  -1.9413617e+00   2.0664772e-02
   2.4822755e-02  -1.9413366e+00   2.0688757e-02
   2.4878496e-02  -1.9413580e+00   2.0689756e-02
   2.4970414e-02  -1.9414699e+00   2.0646039e-02
   2.4928479e-02  -1.9415529e+00   2.0639235e-02
   2.4767982e-02  -1.9418552e+00   2.0782784e-02
   2.4720253e-02  -1.9419453e+00   2.0845825e-02
   2.4256162e-02  -1.9426907e+00   2.4657309e-02
   2.3828328e-02  -1.9432292e+00   2.9268647e-02
   2.3031885e-02  -1.9440258e+00   3.6379077e-02
   2.3031885e-02  -1.9440258e+00   3.6379077e-02
   1.9567665e-02  -1.9468349e+00   6.4056091e-02
   1.8510444e-02  -1.9475179e+00   7.2272703e-02
   1.5730498e-02  -1.9500053e+00   9.6483529e-02
   1.4139924e-02  -1.9518461e+00   1.1040403e-01
   1.2525967e-02  -1.9537468e+00   1.2445936e-01
   1.0238416e-02  -1.9580388e+00   1.4826305e-01
   9.4607929e-03  -1.9599345e+00   1.5731521e-01
   7.6431683e-03  -1.9660960e+00   1.8315528e-01
   6.5083755e-03  -1.9715412e+00   2.0365672e-01
   6.0155736e-03  -1.9749078e+00   2.1544446e-01
   5.5431896e-03  -1.9795101e+00   2.3046619e-01
   5.1854383e-03  -1.9852815e+00   2.4845310e-01
   5.1854383e-03  -1.9852815e+00   2.4845310e-01
   5.5715358e-03  -1.9915224e+00   2.6949582e-01
   6.2733782e-03  -1.9955577e+00   2.8351364e-01
   7.6736640e-03  -2.0011961e+00   3.0450398e-01
   7.6736640e-03  -2.0011961e+00   3.0450398e-01
   7.6736640e-03  -2.0011961e+00   3.0450398e-01
   7.6736640e-03  -2.0011961e+00   3.0450398e-01
   7.6736640e-03  -2.0011961e+00   3.0450398e-01
   1.4275866e-02  -2.0103066e+00   3.6160681e-01
   1.4275866e-02  -2.0103066e+00   3.6160681e-01
   1.4275866e-02  -2.0103066e+00   3.6160681e-01
   1.6643027e-02  -2.0132647e+00   3.9888686e-01
   1.5514447e-02  -2.0136223e+00   4.0872341e-01
   1.4785053e-02  -2.0136473e+00   4.1343474e-01
   1.3003536e-02  -2.0138469e+00   4.1909498e-01
   1.1877726e-02  -2.0137126e+00   4.2192936e-01
   8.8486839e-03  -2.0138564e+00   4.2418671e-01
   6.6515794e-03  -2.0139234e+00   4.2497721e-01
  -1.1948741e-03  -2.0146863e+00   4.2777997e-01
  -3.9890907e-03  -2.0153272e+00   4.2910087e-01
  -6.8024527e-03  -2.0160279e+00   4.3032798e-01
  -1.1366276e-02  -2.0175157e+00   4.3262562e-01
  -1.3202165e-02  -2.0182936e+00   4.3399724e-01
  -1.3202165e-02  -2.0182936e+00   4.3399724e-01
  -1.8243415e-02  -2.0210180e+00   4.3735734e-01
  -2.1055762e-02  -2.0220718e+00   4.4166288e-01
  -2.1055762e-02  -2.0220718e+00   4.4166288e-01
  -2.6091980e-02  -2.0269244e+00   4.4827795e-01
  -2.6091980e-02  -2.0269244e+00   4.4827795e-01
  -2.9150363e-02  -2.0300155e+00   4.5590034e-01
  -2.9878940e-02  -2.0309212e+00   4.5799601e-01
  -2.9998207e-02  -2.0310946e+00   4.5795345e-01
  -3.0531902e-02  -2.0317078e+00   4.5842791e-01
  -3.0610060e-02  -2.0316615e+00   4.5778969e-01
  -3.0620310e-02  -2.0314894e+00   4.5760778e-01
  -3.0347664e-02  -2.0302434e+00   4.5625925e-01
  -3.0024940e-02  -2.0287588e+00   4.5464617e-01
  -2.8949505e-02  -2.0256629e+00   4.5251605e-01
  -2.8599786e-02  -2.0247030e+00   4.5210388e-01
  -2.7754005e-02  -2.0218821e+00   4.5126289e-01
  -2.7167419e-02  -2.0201750e+00   4.5119837e-01
  -2.7012523e-02  -2.0195551e+00   4.5098597e-01
  -2.6079459e-02  -2.0156624e+00   4.5019349e-01
  -2.5561377e-02  -2.0136225e+00   4.5038337e-01
  -2.4847114e-02  -2.0110033e+00   4.5098934e-01
  -2.3394445e-02  -2.0062106e+00   4.5397934e-01
  -2.2083897e-02  -2.0026824e+00   4.5868587e-01
  -2.1833712e-02  -2.0021286e+00   4.5965660e-01
  -2.1833712e-02  -2.0021286e+00   4.5965660e-01
  -1.9309785e-02  -1.9976583e+00   4.6669361e-01
  -1.8658353e-02  -1.9968058e+00   4.6802434e-01
  -1.6632983e-02  -1.9940901e+00   4.7091696e-01
  -1.5120544e-02  -1.9925127e+00   4.7253561e-01
  -1.5120544e-02  -1.9925127e+00   4.7253561e-01
  -1.3364755e-02  -1.9907885e+00   4.7373104e-01
  -1.1628144e-02  -1.9890975e+00   4.7444242e-01
  -1.1266713e-02  -1.9887671e+00   4.7452760e-01
  -9.6958224e-03  -1.9875486e+00   4.7515780e-01
  -8.4173679e-03  -1.9868188e+00   4.7569355e-01
  -8.4173679e-03  -1.9868188e+00   4.7569355e-01
  -5.8636679e-03  -1.9858307e+00   4.7497693e-01
  -5.1193787e-03  -1.9855735e+00   4.7431892e-01
  -3.3237187e-03  -1.9854441e+00   4.7425807e-01
  -2.9546043e-03  -1.9854857e+00   4.7440904e-01
  -2.2576831e-03  -1.9857067e+00   4.7531790e-01
  -1.5381916e-03  -1.9859912e+00   4.7672370e-01
  -9.7203598e-04  -1.9862487e+00   4.7803208e-01
  -4.4422189e-04  -1.9865326e+00   4.7903529e-01
   7.6260818e-05  -1.9868014e+00   4.8003474e-01
   4.2470268e-04  -1.9869492e+00   4.8072249e-01
   1.1786916e-03  -1.9874145e+00   4.8239014e-01
   1.6543231e-03  -1.9880450e+00   4.8421431e-01
   1.8400699e-03  -1.9884292e+00   4.8499775e-01
   1.8670785e-03  -1.9885005e+00   4.8516107e-01
   1.9307929e-03  -1.9886347e+00   4.8529372e-01
   1.9824938e-03  -1.9887390e+00   4.8511842e-01
   1.9568701e-03  -1.9887551e+00   4.8478729e-01
   1.8560783e-03  -1.9886481e+00   4.8421702e-01
   1.5486734e-03  -1.9881504e+00   4.8298281e-01
   4.1492243e-04  -1.9866408e+00   4.8105633e-01
  -8.0674632e-05  -1.9861516e+00   4.8026749e-01
  -5.2293594e-04  -1.9856739e+00   4.7960049e-01
  -1.6722580e-03  -1.9844871e+00   4.7770882e-01
  -2.5627748e-03  -1.9836944e+00   4.7656655e-01
  -3.3483675e-03  -1.9828917e+00   4.7546753e-01
  -4.3492550e-03  -1.9818673e+00   4.7401935e-01
  -5.1044687e-03  -1.9811211e+00   4.7358796e-01
  -5.4784180e-03  -1.9806166e+00   4.7338447e-01
  -6.6456422e-03  -1.9790946e+00   4.7389254e-01
  -7.1829623e-03  -1.9785867e+00   4.7443804e-01
  -7.9565458e-03  -1.9773483e+00   4.7450218e-01
  -9.0421606e-03  -1.9752189e+00   4.7383696e-01
  -9.5397308e-03  -1.9743787e+00   4.7362232e-01
  -9.5397308e-03  -1.9743787e+00   4.7362232e-01
  -1.0441766e-02  -1.9731790e+00   4.7274348e-01
  -1.0441766e-02  -1.9731790e+00   4.7274348e-01
  -1.2150854e-02  -1.9714442e+00   4.7112095e-01
  -1.3218693e-02  -1.9704334e+00   4.6996900e-01
  -1.3928662e-02  -1.9698775e+00   4.6916386e-01
  -1.4994935e-02  -1.9691291e+00   4.6812248e-01
  -1.4994935e-02  -1.9691291e+00   4.6812248e-01
  -1.7245345e-02  -1.9684114e+00   4.6541673e-01
  -1.7776482e-02  -1.9682404e+00   4.6452501e-01
  -1.7776482e-02  -1.9682404e+00   4.6452501e-01
  -1.8853072e-02  -1.9682487e+00   4.6370319e-01
  -1.8853072e-02  -1.9682487e+00   4.6370319e-01
  -1.8853072e-02  -1.9682487e+00   4.6370319e-01
  -2.0304767e-02  -1.9685186e+00   4.6281999e-01
  -2.0304767e-02  -1.9685186e+00   4.6281999e-01
  -2.0920111e-02  -1.9702051e+00   4.6521258e-01
  -2.1004325e-02  -1.9710708e+00   4.6650815e-01
  -2.2625957e-02  -1.9680860e+00   4.5922142e-01
  -2.3727592e-02  -1.9659717e+00   4.5499644e-01
  -2.3727592e-02  -1.9659717e+00   4.5499644e-01
  -2.3727592e-02  -1.9659717e+00   4.5499644e-01
  -2.3727592e-02  -1.9659717e+00   4.5499644e-01
  -2.3727592e-02  -1.9659717e+00   4.5499644e-01
  -2.3727592e-02  -1.9659717e+00   4.5499644e-01
  -2.3727592e-02  -1.9659717e+00   4.5499644e-01
  -2.3727592e-02  -1.9659717e+00   4.5499644e-01
  -2.3727592e-02  -1.9659717e+00   4.5499644e-01
  -2.3727592e-02  -1.9659717e+00   4.5499644e-01
  -2.3727592e-02  -1.9659717e+00   4.5499644e-01
  -2.3727592e-02  -1.9659717e+00   4.5499644e-01
  -2.3823921e-02  -1.9618620e+00   4.3938866e-01
  -2.3823921e-02  -1.9618620e+00   4.3938866e-01
  -2.2209667e-02  -1.9626920e+00   4.3532640e-01
  -2.2939149e-02  -1.9585404e+00   4.3402842e-01
  -2.3149334e-02  -1.9524497e+00   4.3357664e-01
  -2.3078281e-02  -1.9495747e+00   4.3399101e-01
  -2.2551108e-02  -1.9487923e+00   4.3505302e-01
  -2.1490779e-02  -1.9464681e+00   4.3563122e-01
  -2.0600032e-02  -1.9445610e+00   4.3618205e-01
  -2.0600032e-02  -1.9445610e+00   4.3618205e-01
  -1.7310014e-02  -1.9408429e+00   4.4313750e-01
  -1.5441872e-02  -1.9395685e+00   4.4741839e-01
  -1.2846028e-02  -1.9377899e+00   4.5269182e-01
  -9.1547547e-03  -1.9359834e+00   4.6090165e-01
  -7.8374855e-03  -1.9355754e+00   4.6436432e-01
  -3.4211010e-03  -1.9337615e+00   4.7272605e-01
  -2.9435428e-04  -1.9328368e+00   4.7776973e-01
   6.4853178e-03  -1.9316295e+00   4.8667949e-01
   1.0070550e-02  -1.9319066e+00   4.8910424e-01
   1.4853066e-02  -1.9337939e+00   4.8803785e-01
   1.8007055e-02  -1.9362836e+00   4.8373541e-01
   2.0467628e-02  -1.9386680e+00   4.7766775e-01
   2.2219107e-02  -1.9407933e+00   4.7266898e-01
   2.5491251e-02  -1.9460377e+00   4.5995551e-01
   2.5491251e-02  -1.9460377e+00   4.5995551e-01
   2.5491251e-02  -1.9460377e+00   4.5995551e-01
   3.1068921e-02  -1.9614809e+00   4.3148443e-01
   3.1068921e-02  -1.9614809e+00   4.3148443e-01
   3.1068921e-02  -1.9614809e+00   4.3148443e-01
   3.1068921e-02  -1.9614809e+00   4.3148443e-01
   3.1068921e-02  -1.9614809e+00   4.3148443e-01
   3.1068921e-02  -1.9614809e+00   4.3148443e-01
   3.1068921e-02  -1.9614809e+00   4.3148443e-01
   4.2186182e-02  -2.0087111e+00   4.3658483e-01
   4.2927478e-02  -2.0131207e+00   4.4442573e-01
   4.2927478e-02  -2.0131207e+00   4.4442573e-01
   4.3631524e-02  -2.0284989e+00   4.7930133e-01
   4.3440696e-02  -2.0311644e+00   4.8485753e-01
   4.2711340e-02  -2.0361035e+00   4.9461019e-01
   4.0926319e-02  -2.0419948e+00   5.0210351e-01
   4.0463645e-02  -2.0431712e+00   5.0312656e-01
   3.7260834e-02  -2.0494483e+00   5.0506973e-01
   3.5355445e-02  -2.0522120e+00   5.0368512e-01
   3.0834192e-02  -2.0568881e+00   4.9730298e-01
   2.7463043e-02  -2.0593417e+00   4.9163893e-01
   2.7463043e-02  -2.0593417e+00   4.9163893e-01
   2.7463043e-02  -2.0593417e+00   4.9163893e-01
   1.7250363e-02  -2.0633409e+00   4.7457331e-01
   1.7250363e-02  -2.0633409e+00   4.7457331e-01
   6.4302743e-03  -2.0643103e+00   4.6176672e-01
   6.4302743e-03  -2.0643103e+00   4.6176672e-01
  -4.0711099e-03  -2.0622132e+00   4.5557359e-01
  -8.7244743e-03  -2.0604956e+00   4.5380902e-01
  -1.0951576e-02  -2.0595746e+00   4.5335069e-01
  -1.7557144e-02  -2.0559931e+00   4.5391825e-01
  -2.0852955e-02  -2.0538037e+00   4.5497400e-01
  -2.5138035e-02  -2.0508509e+00   4.5706049e-01
  -3.1434238e-02  -2.0457230e+00   4.5923135e-01
  -3.7161957e-02  -2.0401101e+00   4.6020466e-01
  -3.9521102e-02  -2.0371878e+00   4.6045372e-01
  -3.9521102e-02  -2.0371878e+00   4.6045372e-01
  -4.4707790e-02  -2.0303876e+00   4.5935777e-01
  -4.6935495e-02  -2.0263882e+00   4.5807260e-01
  -4.6935495e-02  -2.0263882e+00   4.5807260e-01
  -4.9439996e-02  -2.0194249e+00   4.5484617e-01
  -4.9769271e-02  -2.0175357e+00   4.5394009e-01
  -4.9954321e-02  -2.0116291e+00   4.5134658e-01
  -4.9666993e-02  -2.0096776e+00   4.5066971e-01
  -4.8625667e-02  -2.0057290e+00   4.4938803e-01
  -4.8625667e-02  -2.0057290e+00   4.4938803e-01
  -4.8625667e-02  -2.0057290e+00   4.4938803e-01
  -4.0074274e-02  -1.9925694e+00   4.4915059e-01
  -4.0074274e-02  -1.9925694e+00   4.4915059e-01
  -3.4331918e-02  -1.9872541e+00   4.5092210e-01
  -2.7337166e-02  -1.9819248e+00   4.5268726e-01
  -2.7337166e-02  -1.9819248e+00   4.5268726e-01
  -2.7337166e-02  -1.9819248e+00   4.5268726e-01
  -2.7337166e-02  -1.9819248e+00   4.5268726e-01
  -2.7337166e-02  -1.9819248e+00   4.5268726e-01
  -2.7337166e-02  -1.9819248e+00   4.5268726e-01
   2.1352703e-03  -1.9651204e+00   4.5039818e-01
   2.1352703e-03  -1.9651204e+00   4.5039818e-01
   2.1352703e-03  -1.9651204e+00   4.5039818e-01
   2.2741389e-02  -1.9573294e+00   4.4263545e-01
   2.9824931e-02  -1.9552783e+00   4.3950021e-01
   3.2612696e-02  -1.9546834e+00   4.3844315e-01
   3.8933054e-02  -1.9537383e+00   4.3669954e-01
   4.5176920e-02  -1.9534698e+00   4.3460873e-01
   4.5176920e-02  -1.9534698e+00   4.3460873e-01
   5.4126997e-02  -1.9545259e+00   4.3341005e-01
   5.8073208e-02  -1.9557655e+00   4.3317756e-01
   5.9982907e-02  -1.9565177e+00   4.3340051e-01
   6.5025188e-02  -1.9592886e+00   4.3439481e-01
   6.7575902e-02  -1.9616278e+00   4.3557027e-01
   6.9394730e-02  -1.9639449e+00   4.3613786e-01
   7.2303988e-02  -1.9686464e+00   4.3712202e-01
   7.2826609e-02  -1.9703798e+00   4.3785143e-01
   7.4849583e-02  -1.9759257e+00   4.3873012e-01
   7.6126046e-02  -1.9816862e+00   4.3978006e-01
   7.6001838e-02  -1.9826685e+00   4.4017756e-01
   7.7239603e-02  -1.9916971e+00   4.4163796e-01
   7.7292599e-02  -1.9942404e+00   4.4226313e-01
   7.6812550e-02  -2.0003359e+00   4.4370800e-01
   7.6474518e-02  -2.0069878e+00   4.4406894e-01
   7.5653978e-02  -2.0104628e+00   4.4456726e-01
   7.4502639e-02  -2.0153720e+00   4.4493440e-01
   7.3308088e-02  -2.0189302e+00   4.4497079e-01
   6.9876805e-02  -2.0256464e+00   4.4455141e-01
   6.7791976e-02  -2.0287969e+00   4.4375727e-01
   6.5467030e-02  -2.0320554e+00   4.4300851e-01
   6.0867991e-02  -2.0372124e+00   4.4115254e-01
   6.0867991e-02  -2.0372124e+00   4.4115254e-01
   5.3390685e-02  -2.0436802e+00   4.3793035e-01
   5.3390685e-02  -2.0436802e+00   4.3793035e-01
   5.3390685e-02  -2.0436802e+00   4.3793035e-01
   5.3390685e-02  -2.0436802e+00   4.3793035e-01
   5.3390685e-02  -2.0436802e+00   4.3793035e-01
   2.6915262e-02  -2.0584657e+00   4.3049178e-01
   1.7426107e-02  -2.0616057e+00   4.2873070e-01
   1.2450535e-02  -2.0630271e+00   4.2774928e-01
   5.5232085e-03  -2.0644138e+00   4.2628518e-01
   2.3027700e-03  -2.0647955e+00   4.2605895e-01
   2.3027700e-03  -2.0647955e+00   4.2605895e-01
  -1.5675263e-02  -2.0666378e+00   4.2198235e-01
  -1.9718787e-02  -2.0662956e+00   4.1814196e-01
  -2.0737741e-02  -2.0658588e+00   4.1499215e-01
  -1.8415522e-02  -2.0635934e+00   4.0103468e-01
  -1.4102302e-02  -2.0620956e+00   3.9217013e-01
  -2.8848767e-03  -2.0574243e+00   3.7305278e-01
   9.6375151e-03  -2.0520806e+00   3.5588467e-01
   3.4604087e-02  -2.0405149e+00   3.2812834e-01
   4.9601194e-02  -2.0330067e+00   3.1436512e-01
   6.0413945e-02  -2.0271626e+00   3.0548340e-01
   7.8917488e-02  -2.0191417e+00   2.9296529e-01
   1.0498299e-01  -2.0046117e+00   2.7729890e-01
   1.5507632e-01  -1.9768147e+00   2.5447378e-01
   1.7600362e-01  -1.9614096e+00   2.4658604e-01
   1.9964236e-01  -1.9493701e+00   2.4030918e-01
   2.4750853e-01  -1.9205878e+00   2.3115325e-01
   2.6377922e-01  -1.9111956e+00   2.2923669e-01
   3.1296983e-01  -1.8837999e+00   2.2615358e-01
   3.3180323e-01  -1.8774484e+00   2.2612298e-01
   3.5079566e-01  -1.8713683e+00   2.2641538e-01
   4.0883589e-01  -1.8419923e+00   2.2750109e-01
   4.3461549e-01  -1.8318999e+00   2.2874241e-01
   4.3461549e-01  -1.8318999e+00   2.2874241e-01
   4.3461549e-01  -1.8318999e+00   2.2874241e-01
   5.0644398e-01  -1.8115274e+00   2.3392318e-01
   5.6886446e-01  -1.8007650e+00   2.3906843e-01
   6.0607904e-01  -1.7981585e+00   2.4218583e-01
   6.3359994e-01  -1.7980095e+00   2.4437240e-01
   6.9840240e-01  -1.8029286e+00   2.5077978e-01
   7.3586464e-01  -1.8087468e+00   2.5475481e-01
   7.7307189e-01  -1.8168938e+00   2.5952220e-01
   8.0091715e-01  -1.8245198e+00   2.6364693e-01
   8.5514665e-01  -1.8431315e+00   2.7297202e-01
   8.5514665e-01  -1.8431315e+00   2.7297202e-01
   9.1517448e-01  -1.8695241e+00   2.8622806e-01
   9.1517448e-01  -1.8695241e+00   2.8622806e-01
   9.7855645e-01  -1.9048988e+00   3.0547735e-01
   9.7855645e-01  -1.9048988e+00   3.0547735e-01
   1.0282028e+00  -1.9385142e+00   3.2522717e-01
   1.0418003e+00  -1.9492248e+00   3.3082244e-01
   1.0886571e+00  -1.9896309e+00   3.5377800e-01
   1.0995967e+00  -2.0008693e+00   3.5879099e-01
   1.0995967e+00  -2.0008693e+00   3.5879099e-01
   1.0995967e+00  -2.0008693e+00   3.5879099e-01
   1.0995967e+00  -2.0008693e+00   3.5879099e-01
   1.1620305e+00  -2.0813854e+00   3.9016736e-01
   1.1750281e+00  -2.1099126e+00   3.9638987e-01
   1.1797520e+00  -2.1225443e+00   3.9868310e-01
   1.1797520e+00  -2.1225443e+00   3.9868310e-01
   1.1852320e+00  -2.1493273e+00   4.0149674e-01
   1.1848218e+00  -2.1601369e+00   4.0175289e-01
   1.1796114e+00  -2.1813798e+00   4.0246066e-01
   1.1756526e+00  -2.1889517e+00   4.0288827e-01
   1.1708972e+00  -2.1955254e+00   4.0313920e-01
   1.1591154e+00  -2.2053866e+00   4.0358225e-01
   1.1591154e+00  -2.2053866e+00   4.0358225e-01
   1.1591154e+00  -2.2053866e+00   4.0358225e-01
   1.1591154e+00  -2.2053866e+00   4.0358225e-01
   1.1591154e+00  -2.2053866e+00   4.0358225e-01
   1.1591154e+00  -2.2053866e+00   4.0358225e-01
   1.0957326e+00  -2.2084537e+00   4.1682765e-01
   1.0957326e+00  -2.2084537e+00   4.1682765e-01
   1.0622820e+00  -2.2025969e+00   4.2664856e-01
   1.0622820e+00  -2.2025969e+00   4.2664856e-01
   1.0133256e+00  -2.1801736e+00   4.4267729e-01
   9.9565816e-01  -2.1697485e+00   4.4929630e-01
   9.8258424e-01  -2.1612351e+00   4.5424795e-01
   9.6966600e-01  -2.1523759e+00   4.5910475e-01
   9.6966600e-01  -2.1523759e+00   4.5910475e-01
   9.3134552e-01  -2.1209700e+00   4.7213656e-01
   9.2149150e-01  -2.1111746e+00   4.7469720e-01
   9.1249788e-01  -2.1011131e+00   4.7621369e-01
   9.1249788e-01  -2.1011131e+00   4.7621369e-01
   9.1249788e-01  -2.1011131e+00   4.7621369e-01
   8.8376451e-01  -2.0529554e+00   4.7194886e-01
   8.8007218e-01  -2.0391450e+00   4.6789256e-01
   8.7826127e-01  -2.0251379e+00   4.6319473e-01
   8.7810695e-01  -2.0216091e+00   4.6192256e-01
   8.7810695e-01  -2.0216091e+00   4.6192256e-01
   8.8320345e-01  -1.9845797e+00   4.4940367e-01
   8.8320345e-01  -1.9845797e+00   4.4940367e-01
   8.8320345e-01  -1.9845797e+00   4.4940367e-01
   8.8320345e-01  -1.9845797e+00   4.4940367e-01
   9.1448277e-01  -1.9352615e+00   4.3783784e-01
   9.1448277e-01  -1.9352615e+00   4.3783784e-01
   9.3557775e-01  -1.9155576e+00   4.3399143e-01
   9.3557775e-01  -1.9155576e+00   4.3399143e-01
   9.3557775e-01  -1.9155576e+00   4.3399143e-01
   9.3557775e-01  -1.9155576e+00   4.3399143e-01
   9.8586237e-01  -1.8847764e+00   4.2949903e-01
   1.0069022e+00  -1.8752484e+00   4.2579630e-01
   1.0069022e+00  -1.8752484e+00   4.2579630e-01
   1.0069022e+00  -1.8752484e+00   4.2579630e-01
   1.0432087e+00  -1.8671824e+00   4.2307362e-01
   1.0581621e+00  -1.8670201e+00   4.2326581e-01
   1.0691367e+00  -1.8684385e+00   4.2333370e-01
   1.0766644e+00  -1.8705572e+00   4.2372698e-01
   1.0858465e+00  -1.8747587e+00   4.2461130e-01
   1.0918983e+00  -1.8787396e+00   4.2583275e-01
   1.1026595e+00  -1.8894715e+00   4.2825243e-01
   1.1095493e+00  -1.9002552e+00   4.2957366e-01
   1.1107323e+00  -1.9026188e+00   4.2975828e-01
   1.1150931e+00  -1.9146167e+00   4.3106011e-01
   1.1187911e+00  -1.9286972e+00   4.3135354e-01
   1.1187911e+00  -1.9286972e+00   4.3135354e-01
   1.1212988e+00  -1.9520553e+00   4.3171194e-01
   1.1208832e+00  -1.9606724e+00   4.3209827e-01
   1.1208832e+00  -1.9606724e+00   4.3209827e-01
   1.1172718e+00  -1.9865887e+00   4.3329880e-01
   1.1172718e+00  -1.9865887e+00   4.3329880e-01
   1.1121097e+00  -2.0053520e+00   4.3418622e-01
   1.1091121e+00  -2.0128360e+00   4.3490249e-01
   1.1021001e+00  -2.0263565e+00   4.3574479e-01
   1.0952867e+00  -2.0358720e+00   4.3561623e-01
   1.0908750e+00  -2.0408452e+00   4.3559745e-01
   1.0845309e+00  -2.0466690e+00   4.3509024e-01
   1.0810794e+00  -2.0492458e+00   4.3467069e-01
   1.0810794e+00  -2.0492458e+00   4.3467069e-01
   1.0622066e+00  -2.0582178e+00   4.3158817e-01
   1.0602106e+00  -2.0587373e+00   4.3145227e-01
   1.0429713e+00  -2.0610216e+00   4.3237248e-01
   1.0362087e+00  -2.0608144e+00   4.3365574e-01
   1.0273504e+00  -2.0600762e+00   4.3652421e-01
   1.0226910e+00  -2.0593498e+00   4.3748775e-01
   1.0135646e+00  -2.0575211e+00   4.3857431e-01
   1.0028503e+00  -2.0542459e+00   4.3936962e-01
   1.0028503e+00  -2.0542459e+00   4.3936962e-01
   9.8920918e-01  -2.0480042e+00   4.3838328e-01
   9.8405093e-01  -2.0450206e+00   4.3717998e-01
   9.6919608e-01  -2.0335839e+00   4.3157011e-01
   9.6293724e-01  -2.0270410e+00   4.2602283e-01
   9.6180475e-01  -2.0256932e+00   4.2485851e-01
   9.5800185e-01  -2.0205038e+00   4.2128584e-01
   9.5625871e-01  -2.0176950e+00   4.1894564e-01
   9.5214653e-01  -2.0092726e+00   4.1344276e-01
   9.5214653e-01  -2.0092726e+00   4.1344276e-01
   9.5214653e-01  -2.0092726e+00   4.1344276e-01
   9.4795334e-01  -1.9955770e+00   4.0759617e-01
   9.4639719e-01  -1.9850256e+00   4.0813988e-01
   9.4629294e-01  -1.9808316e+00   4.0918127e-01
   9.4663388e-01  -1.9779105e+00   4.1108298e-01
   9.4717664e-01  -1.9752090e+00   4.1341931e-01
   9.4717664e-01  -1.9752090e+00   4.1341931e-01
   9.4935077e-01  -1.9696363e+00   4.1948691e-01
   9.4935077e-01  -1.9696363e+00   4.1948691e-01
   9.5249730e-01  -1.9645516e+00   4.2723486e-01
   9.5381659e-01  -1.9630167e+00   4.3000042e-01
   9.5554167e-01  -1.9609833e+00   4.3266228e-01
   9.5810187e-01  -1.9588081e+00   4.3574041e-01
   9.5864189e-01  -1.9584320e+00   4.3624988e-01
   9.5864189e-01  -1.9584320e+00   4.3624988e-01
   9.6508819e-01  -1.9559830e+00   4.4187975e-01
   9.6616262e-01  -1.9556201e+00   4.4229952e-01
   9.6971661e-01  -1.9555089e+00   4.4424531e-01
   9.7149634e-01  -1.9553514e+00   4.4452992e-01
   9.7203130e-01  -1.9552922e+00   4.4461092e-01
   9.7573757e-01  -1.9556991e+00   4.4555023e-01
   9.7719187e-01  -1.9563464e+00   4.4620895e-01
   9.7961843e-01  -1.9572848e+00   4.4656006e-01
   9.8143381e-01  -1.9581896e+00   4.4677091e-01
   9.8236436e-01  -1.9587082e+00   4.4692126e-01
   9.8497844e-01  -1.9606376e+00   4.4746146e-01
   9.8497844e-01  -1.9606376e+00   4.4746146e-01
   9.8497844e-01  -1.9606376e+00   4.4746146e-01
   9.8905122e-01  -1.9650471e+00   4.4831768e-01
   9.8905122e-01  -1.9650471e+00   4.4831768e-01
   9.9121666e-01  -1.9676244e+00   4.4853458e-01
   9.9242449e-01  -1.9691479e+00   4.4937244e-01
   9.9242449e-01  -1.9691479e+00   4.4937244e-01
   9.9536663e-01  -1.9721478e+00   4.5235124e-01
   9.9653965e-01  -1.9733944e+00   4.5355761e-01
   9.9721688e-01  -1.9744663e+00   4.5474115e-01
   9.9721688e-01  -1.9744663e+00   4.5474115e-01
   9.9721688e-01  -1.9744663e+00   4.5474115e-01
   9.9858385e-01  -1.9766526e+00   4.5735615e-01
   9.9858385e-01  -1.9766526e+00   4.5735615e-01
   9.9858385e-01  -1.9766526e+00   4.5735615e-01
   9.9867731e-01  -1.9780036e+00   4.6135396e-01
   9.9786365e-01  -1.9784809e+00   4.6242756e-01
   9.9745411e-01  -1.9785265e+00   4.6197602e-01
   9.9676621e-01  -1.9785143e+00   4.6023348e-01
   9.9640971e-01  -1.9783920e+00   4.5854929e-01
   9.9620897e-01  -1.9782404e+00   4.5714632e-01
   9.9594206e-01  -1.9778496e+00   4.5356467e-01
   9.9580991e-01  -1.9777421e+00   4.5063680e-01
   9.9563193e-01  -1.9772900e+00   4.4672811e-01
   9.9584830e-01  -1.9770354e+00   4.4454655e-01
   9.9624836e-01  -1.9764836e+00   4.4164926e-01
   9.9658501e-01  -1.9759263e+00   4.3974650e-01
   9.9658501e-01  -1.9759263e+00   4.3974650e-01
   9.9706662e-01  -1.9747072e+00   4.3685567e-01
   9.9712509e-01  -1.9744030e+00   4.3645465e-01
   9.9719340e-01  -1.9738358e+00   4.3698460e-01
   9.9698067e-01  -1.9732869e+00   4.3802404e-01
   9.9680328e-01  -1.9727670e+00   4.3950203e-01
   9.9645454e-01  -1.9722751e+00   4.4158718e-01
   9.9627763e-01  -1.9722018e+00   4.4252726e-01
   9.9556196e-01  -1.9724579e+00   4.4687068e-01
   9.9556196e-01  -1.9724579e+00   4.4687068e-01
   9.9388504e-01  -1.9725479e+00   4.5092726e-01
   9.9266118e-01  -1.9727783e+00   4.5352790e-01
   9.9187481e-01  -1.9728496e+00   4.5430967e-01
   9.9069428e-01  -1.9730120e+00   4.5463267e-01
   9.9037433e-01  -1.9733825e+00   4.5533392e-01
   9.8944283e-01  -1.9736978e+00   4.5405555e-01
   9.8944283e-01  -1.9736978e+00   4.5405555e-01
   9.8855329e-01  -1.9743611e+00   4.5144066e-01
   9.8791015e-01  -1.9748739e+00   4.4886360e-01
   9.8753285e-01  -1.9751129e+00   4.4650772e-01
   9.8753285e-01  -1.9751129e+00   4.4650772e-01
   9.8669279e-01  -1.9757674e+00   4.4341782e-01
   9.8641437e-01  -1.9759549e+00   4.4284934e-01
   9.8618251e-01  -1.9759709e+00   4.4227085e-01
   9.8616195e-01  -1.9758673e+00   4.4249970e-01
   9.8616195e-01  -1.9758673e+00   4.4249970e-01
   9.8648632e-01  -1.9760649e+00   4.4456926e-01
   9.8664141e-01  -1.9759929e+00   4.4605836e-01
   9.8693466e-01  -1.9760792e+00   4.4835037e-01
   9.8714650e-01  -1.9757901e+00   4.4934756e-01
   9.8752660e-01  -1.9757776e+00   4.5083764e-01
   9.8791409e-01  -1.9755790e+00   4.5289892e-01
   9.8825359e-01  -1.9759291e+00   4.5459649e-01
   9.8853362e-01  -1.9759796e+00   4.5503676e-01
   9.8892856e-01  -1.9762450e+00   4.5555338e-01
   9.8981208e-01  -1.9767213e+00   4.5558119e-01
   9.9034363e-01  -1.9771987e+00   4.5501804e-01
   9.9107790e-01  -1.9779996e+00   4.5503476e-01
   9.9107790e-01  -1.9779996e+00   4.5503476e-01
   9.9191409e-01  -1.9791710e+00   4.5525512e-01
   9.9231273e-01  -1.9797200e+00   4.5513862e-01
   9.9318212e-01  -1.9805194e+00   4.5471957e-01
   9.9419791e-01  -1.9812220e+00   4.5422176e-01
   9.9536049e-01  -1.9818308e+00   4.5379555e-01
   9.9666137e-01  -1.9822638e+00   4.5464876e-01
   9.9792337e-01  -1.9828978e+00   4.5615259e-01
   9.9913466e-01  -1.9834560e+00   4.5767057e-01
   9.9986845e-01  -1.9836007e+00   4.5871255e-01
   1.0001421e+00  -1.9836124e+00   4.5904171e-01
   1.0016984e+00  -1.9837636e+00   4.6110895e-01
   1.0027572e+00  -1.9841554e+00   4.6325901e-01
   1.0036300e+00  -1.9844800e+00   4.6488968e-01
   1.0044105e+00  -1.9848526e+00   4.6548879e-01
   1.0045516e+00  -1.9849560e+00   4.6549633e-01
   1.0051507e+00  -1.9852984e+00   4.6479520e-01
   1.0053684e+00  -1.9855543e+00   4.6292636e-01
   1.0053161e+00  -1.9859111e+00   4.6001795e-01
   1.0052335e+00  -1.9860867e+00   4.5820975e-01
   1.0050135e+00  -1.9863018e+00   4.5540851e-01
   1.0050135e+00  -1.9863018e+00   4.5540851e-01
   1.0045069e+00  -1.9867380e+00   4.5084816e-01
   1.0045069e+00  -1.9867380e+00   4.5084816e-01
   1.0037117e+00  -1.9873829e+00   4.4623375e-01
   1.0037117e+00  -1.9873829e+00   4.4623375e-01
   1.0030853e+00  -1.9881251e+00   4.4354504e-01
   1.0027399e+00  -1.9884944e+00   4.4292301e-01
   1.0026540e+00  -1.9885745e+00   4.4284114e-01
   1.0023223e+00  -1.9889873e+00   4.4325727e-01
   1.0021726e+00  -1.9893761e+00   4.4435838e-01
   1.0021459e+00  -1.9895444e+00   4.4495496e-01
   1.0023921e+00  -1.9897261e+00   4.4660339e-01
   1.0024537e+00  -1.9897379e+00   4.4685909e-01
   1.0024537e+00  -1.9897379e+00   4.4685909e-01
   1.0020144e+00  -1.9897557e+00   4.4270280e-01
   1.0020144e+00  -1.9897557e+00   4.4270280e-01
   1.0018265e+00  -1.9891598e+00   4.0752584e-01
   1.0017382e+00  -1.9882123e+00   3.5266179e-01
   1.0017583e+00  -1.9871956e+00   3.1589359e-01
   1.0017138e+00  -1.9848051e+00   2.3821282e-01
   1.0018449e+00  -1.9824345e+00   1.8101431e-01
   1.0023578e+00  -1.9774922e+00   7.0719719e-02
   1.0023642e+00  -1.9758356e+00   2.7884101e-02
   1.0036821e+00  -1.9948910e+00  -1.9858158e-03
   1.0042206e+00  -1.9976811e+00  -1.0833591e-02
   1.0056511e+00  -2.0000429e+00  -3.2693986e-02
   1.0065955e+00  -1.9991738e+00  -4.3353375e-02
   1.0084009e+00  -1.9934893e+00  -4.5766182e-02
   1.0107107e+00  -1.9888810e+00  -4.4336677e-02
   1.0122000e+00  -1.9859295e+00  -4.1654933e-02
   1.0141145e+00  -1.9820389e+00  -3.5109445e-02
   1.0141145e+00  -1.9820389e+00  -3.5109445e-02
   1.0157008e+00  -1.9781532e+00  -2.2024326e-02
   1.0165747e+00  -1.9750643e+00  -1.6613744e-02
   1.0164338e+00  -1.9746234e+00  -9.5020439e-03
   1.0162834e+00  -1.9745719e+00  -6.1489670e-03
   1.0154104e+00  -1.9750611e+00   4.2905845e-03
   1.0149367e+00  -1.9755059e+00   8.0852620e-03
   1.0149367e+00  -1.9755059e+00   8.0852620e-03
   1.0135657e+00  -1.9778290e+00   1.5390852e-02
   1.0132048e+00  -1.9785227e+00   1.7022245e-02
   1.0121264e+00  -1.9804424e+00   2.1594863e-02
   1.0116843e+00  -1.9814371e+00   2.2947922e-02
   1.0111253e+00  -1.9827269e+00   2.4287703e-02
   1.0111253e+00  -1.9827269e+00   2.4287703e-02
   1.0111253e+00  -1.9827269e+00   2.4287703e-02
   1.0096283e+00  -1.9861077e+00   2.6015621e-02
   1.0090963e+00  -1.9876016e+00   2.6179496e-02
   1.0089874e+00  -1.9879016e+00   2.6167259e-02
   1.0084100e+00  -1.9898154e+00   2.6106650e-02
   1.0083328e+00  -1.9903185e+00   2.6013624e-02
   1.0081044e+00  -1.9914967e+00   2.5768019e-02
   1.0079553e+00  -1.9921643e+00   2.5599752e-02
   1.0076305e+00  -1.9936000e+00   2.5358142e-02
   1.0075204e+00  -1.9944171e+00   2.5243724e-02
   1.0074313e+00  -1.9949299e+00   2.5122650e-02
   1.0074313e+00  -1.9949299e+00   2.5122650e-02
   1.0074313e+00  -1.9949299e+00   2.5122650e-02
   1.0072573e+00  -1.9962589e+00   2.4748571e-02
   1.0071875e+00  -1.9968181e+00   2.4522021e-02
   1.0071367e+00  -1.9973632e+00   2.4286445e-02
   1.0071411e+00  -1.9977694e+00   2.4248123e-02
   1.0072081e+00  -1.9980427e+00   2.4258640e-02
   1.0072081e+00  -1.9980427e+00   2.4258640e-02
   1.0074722e+00  -1.9988239e+00   2.4233740e-02
   1.0073684e+00  -1.9990463e+00   2.4212619e-02
   1.0073684e+00  -1.9990463e+00   2.4212619e-02
   1.0072733e+00  -1.9994503e+00   2.4230693e-02
   1.0072513e+00  -1.9995433e+00   2.4237279e-02
   1.0072140e+00  -1.9997805e+00   2.4252644e-02
   1.0072086e+00  -1.9998654e+00   2.4278319e-02
   1.0072361e+00  -1.9999563e+00   2.4301611e-02
   1.0073540e+00  -2.0000098e+00   2.4296267e-02
   1.0073767e+00  -1.9996367e+00   2.4198256e-02
   1.0073767e+00  -1.9996367e+00   2.4198256e-02
   1.0077697e+00  -1.9993411e+00   2.4285682e-02
   1.0077697e+00  -1.9993411e+00   2.4285682e-02
   1.0077362e+00  -1.9991305e+00   2.4295365e-02
   1.0076879e+00  -1.9991264e+00   2.4337612e-02
   1.0076795e+00  -1.9991392e+00   2.4372393e-02
   1.0077188e+00  -1.9991993e+00   2.4455611e-02
   1.0077188e+00  -1.9991993e+00   2.4455611e-02
   1.0078021e+00  -1.9992619e+00   2.4505189e-02
   1.0077249e+00  -1.9991925e+00   2.4348665e-02
   1.0077249e+00  -1.9991925e+00   2.4348665e-02
   1.0077249e+00  -1.9991925e+00   2.4348665e-02
   1.0077314e+00  -1.9990247e+00   2.3849158e-02
   1.0075421e+00  -1.9985592e+00   2.3611328e-02
   1.0075421e+00  -1.9985592e+00   2.3611328e-02
   1.0068133e+00  -1.9970419e+00   2.3388073e-02
   1.0074222e+00  -1.9981405e+00   2.3358697e-02
   1.0074792e+00  -1.9983370e+00   2.3152184e-02
   1.0074369e+00  -1.9983972e+00   2.3197806e-02
   1.0072796e+00  -1.9980136e+00   2.3235451e-02
   1.0072796e+00  -1.9980136e+00   2.3235451e-02
   1.0048689e+00  -2.0020118e+00   3.9615165e-02
   1.0062467e+00  -2.0035877e+00   5.5055849e-02
   1.0057728e+00  -2.0039649e+00   9.2608690e-02
   1.0024511e+00  -2.0050941e+00   1.1944842e-01
   9.9031568e-01  -2.0020647e+00   1.6959758e-01
   9.6913803e-01  -1.9987098e+00   2.2930111e-01
   9.0733325e-01  -1.9865930e+00   3.6617261e-01
   8.7638259e-01  -1.9818870e+00   4.2374924e-01
   8.7638259e-01  -1.9818870e+00   4.2374924e-01
   7.5162715e-01  -2.0124674e+00   6.5642452e-01
   7.5162715e-01  -2.0124674e+00   6.5642452e-01
   6.5716815e-01  -2.0641513e+00   7.7706516e-01
   6.3426459e-01  -2.0806751e+00   8.0086803e-01
   6.3426459e-01  -2.0806751e+00   8.0086803e-01
   5.4215777e-01  -2.1521697e+00   8.7471336e-01
   4.6492058e-01  -2.2666464e+00   9.1414279e-01
   4.4474530e-01  -2.3044567e+00   9.1930616e-01
   4.4474530e-01  -2.3044567e+00   9.1930616e-01
   4.2169806e-01  -2.3600070e+00   9.2315650e-01
   4.3643612e-01  -2.3911672e+00   9.1888219e-01
   4.4028515e-01  -2.4165719e+00   9.2082250e-01
   4.4028515e-01  -2.4165719e+00   9.2082250e-01
   4.4779640e-01  -2.4365692e+00   9.2396909e-01
   4.4779640e-01  -2.4365692e+00   9.2396909e-01
   4.4779640e-01  -2.4365692e+00   9.2396909e-01
   4.0041196e-01  -2.4516644e+00   8.9977270e-01
   4.0041196e-01  -2.4516644e+00   8.9977270e-01
   4.0041196e-01  -2.4516644e+00   8.9977270e-01
   4.0041196e-01  -2.4516644e+00   8.9977270e-01
   4.0041196e-01  -2.4516644e+00   8.9977270e-01
   4.0041196e-01  -2.4516644e+00   8.9977270e-01
