  -0.0000000e+00
  -0.0000000e+00
  -0.0000000e+00
  -0.0000000e+00
  -0.0000000e+00
  -0.0000000e+00
  -0.0000000e+00
  -0.0000000e+00
  -0.0000000e+00
  -0.0000000e+00
  -0.0000000e+00
  -0.0000000e+00
  -0.0000000e+00
  -0.0000000e+00
  -0.0000000e+00
  -0.0000000e+00
  -0.0000000e+00
  -0.0000000e+00
  -0.0000000e+00
  -0.0000000e+00
  -0.0000000e+00
  -0.0000000e+00
  -0.0000000e+00
  -0.0000000e+00
  -0.0000000e+00
  -0.0000000e+00
  -0.0000000e+00
  -0.0000000e+00
  -0.0000000e+00
  -0.0000000e+00
  -0.0000000e+00
  -0.0000000e+00
  -0.0000000e+00
  -0.0000000e+00
  -0.0000000e+00
  -0.0000000e+00
  -0.0000000e+00
  -0.0000000e+00
  -0.0000000e+00
  -0.0000000e+00
  -0.0000000e+00
  -0.0000000e+00
  -0.0000000e+00
  -0.0000000e+00
  -0.0000000e+00
  -0.0000000e+00
  -0.0000000e+00
  -0.0000000e+00
  -0.0000000e+00
  -0.0000000e+00
  -0.0000000e+00
  -0.0000000e+00
  -0.0000000e+00
  -0.0000000e+00
  -0.0000000e+00
  -0.0000000e+00
  -0.0000000e+00
  -0.0000000e+00
  -0.0000000e+00
  -0.0000000e+00
  -0.0000000e+00
  -0.0000000e+00
  -0.0000000e+00
  -0.0000000e+00
  -0.0000000e+00
  -0.0000000e+00
  -0.0000000e+00
  -0.0000000e+00
  -0.0000000e+00
  -0.0000000e+00
  -0.0000000e+00
  -0.0000000e+00
  -0.0000000e+00
  -0.0000000e+00
  -0.0000000e+00
  -0.0000000e+00
  -0.0000000e+00
  -0.0000000e+00
  -0.0000000e+00
  -0.0000000e+00
  -0.0000000e+00
  -0.0000000e+00
  -0.0000000e+00
  -0.0000000e+00
  -0.0000000e+00
  -0.0000000e+00
  -0.0000000e+00
  -0.0000000e+00
  -0.0000000e+00
  -0.0000000e+00
  -0.0000000e+00
  -0.0000000e+00
  -0.0000000e+00
  -0.0000000e+00
  -0.0000000e+00
  -0.0000000e+00
  -0.0000000e+00
  -0.0000000e+00
  -0.0000000e+00
  -0.0000000e+00
  -0.0000000e+00
  -0.0000000e+00
  -0.0000000e+00
  -0.0000000e+00
  -0.0000000e+00
  -0.0000000e+00
  -0.0000000e+00
  -0.0000000e+00
  -0.0000000e+00
  -0.0000000e+00
  -0.0000000e+00
  -0.0000000e+00
  -0.0000000e+00
  -0.0000000e+00
  -0.0000000e+00
  -0.0000000e+00
  -0.0000000e+00
  -0.0000000e+00
  -0.0000000e+00
  -0.0000000e+00
  -0.0000000e+00
  -0.0000000e+00
  -0.0000000e+00
  -0.0000000e+00
  -0.0000000e+00
  -0.0000000e+00
  -0.0000000e+00
  -0.0000000e+00
  -0.0000000e+00
  -0.0000000e+00
  -0.0000000e+00
  -0.0000000e+00
  -0.0000000e+00
  -0.0000000e+00
  -0.0000000e+00
  -0.0000000e+00
  -0.0000000e+00
  -0.0000000e+00
  -0.0000000e+00
  -0.0000000e+00
  -0.0000000e+00
  -0.0000000e+00
  -0.0000000e+00
  -0.0000000e+00
  -0.0000000e+00
  -0.0000000e+00
  -0.0000000e+00
  -0.0000000e+00
  -0.0000000e+00
  -0.0000000e+00
  -0.0000000e+00
  -0.0000000e+00
  -0.0000000e+00
  -0.0000000e+00
  -0.0000000e+00
  -0.0000000e+00
  -0.0000000e+00
  -0.0000000e+00
  -0.0000000e+00
  -0.0000000e+00
  -0.0000000e+00
  -0.0000000e+00
  -0.0000000e+00
  -0.0000000e+00
  -0.0000000e+00
  -0.0000000e+00
  -0.0000000e+00
  -0.0000000e+00
  -0.0000000e+00
  -0.0000000e+00
  -0.0000000e+00
  -0.0000000e+00
  -0.0000000e+00
  -0.0000000e+00
  -0.0000000e+00
  -0.0000000e+00
  -0.0000000e+00
  -0.0000000e+00
  -0.0000000e+00
  -0.0000000e+00
  -0.0000000e+00
  -0.0000000e+00
  -0.0000000e+00
  -0.0000000e+00
  -0.0000000e+00
  -0.0000000e+00
  -0.0000000e+00
  -0.0000000e+00
  -0.0000000e+00
  -0.0000000e+00
  -0.0000000e+00
  -0.0000000e+00
  -0.0000000e+00
  -0.0000000e+00
  -0.0000000e+00
  -0.0000000e+00
  -0.0000000e+00
  -0.0000000e+00
   1.3050325e+04
   1.9534288e+04
   1.3713187e+04
  -0.0000000e+00
  -0.0000000e+00
  -0.0000000e+00
  -0.0000000e+00
  -0.0000000e+00
  -0.0000000e+00
  -0.0000000e+00
  -0.0000000e+00
  -0.0000000e+00
  -0.0000000e+00
  -0.0000000e+00
  -0.0000000e+00
  -0.0000000e+00
  -0.0000000e+00
  -0.0000000e+00
  -0.0000000e+00
  -0.0000000e+00
  -0.0000000e+00
  -0.0000000e+00
  -0.0000000e+00
  -0.0000000e+00
  -0.0000000e+00
  -0.0000000e+00
  -0.0000000e+00
  -0.0000000e+00
  -0.0000000e+00
  -0.0000000e+00
  -0.0000000e+00
  -0.0000000e+00
  -0.0000000e+00
   2.3804437e+02
   2.3804437e+02
   1.7999817e+03
   1.2775658e+04
   2.0354625e+04
   2.0354625e+04
   2.5939512e+04
   2.7424543e+04
   2.7424543e+04
   2.7424543e+04
   2.7424543e+04
   2.7424543e+04
   2.7424543e+04
   2.7424543e+04
   2.8675192e+04
   4.6486404e+04
   4.8478652e+04
   4.8478652e+04
   4.1994690e+04
   3.9337748e+04
   3.9337748e+04
   3.9337748e+04
   3.9337748e+04
   3.9337748e+04
   3.9337748e+04
   3.9337748e+04
   3.9337748e+04
   3.9337748e+04
   3.9337748e+04
   3.9337748e+04
   3.9337748e+04
   3.9337748e+04
   3.9337748e+04
   3.9337748e+04
   3.9337748e+04
   3.9337748e+04
   3.9337748e+04
   3.9337748e+04
   3.9337748e+04
   3.9337748e+04
   3.9337748e+04
   3.9337748e+04
   3.9337748e+04
   3.9337748e+04
   3.9337748e+04
   3.9337748e+04
   3.9337748e+04
   3.9337748e+04
   3.9337748e+04
   3.9337748e+04
   3.9337748e+04
   3.9337748e+04
   3.9337748e+04
   3.9337748e+04
   3.9337748e+04
   4.0744041e+04
   4.4728538e+04
   4.6407666e+04
   4.6407666e+04
   4.6407666e+04
   4.6407666e+04
   4.6407666e+04
   4.6407666e+04
   4.6407666e+04
   4.6407666e+04
   4.6407666e+04
   4.6407666e+04
   4.6407666e+04
   4.6407666e+04
   4.6407666e+04
   4.6407666e+04
   4.6407666e+04
   4.6407666e+04
   4.6407666e+04
   4.6407666e+04
   2.9964293e+04
   2.0471816e+04
   5.1197851e+03
  -0.0000000e+00
  -0.0000000e+00
  -0.0000000e+00
  -0.0000000e+00
  -0.0000000e+00
  -0.0000000e+00
  -0.0000000e+00
  -0.0000000e+00
  -0.0000000e+00
  -0.0000000e+00
  -0.0000000e+00
  -0.0000000e+00
  -0.0000000e+00
  -0.0000000e+00
  -0.0000000e+00
  -0.0000000e+00
  -0.0000000e+00
  -0.0000000e+00
  -0.0000000e+00
  -0.0000000e+00
  -0.0000000e+00
  -0.0000000e+00
  -0.0000000e+00
  -0.0000000e+00
  -0.0000000e+00
  -0.0000000e+00
  -0.0000000e+00
  -0.0000000e+00
  -0.0000000e+00
  -0.0000000e+00
  -0.0000000e+00
  -0.0000000e+00
  -0.0000000e+00
  -0.0000000e+00
  -0.0000000e+00
  -0.0000000e+00
  -0.0000000e+00
   6.3319803e+03
   2.0706198e+04
   2.0706198e+04
   2.0706198e+04
   2.0706198e+04
   2.2033753e+04
   2.2033753e+04
   2.2033753e+04
   2.2033753e+04
   2.4064455e+04
   2.9533982e+04
   4.0822779e+04
   4.3322245e+04
   4.3322245e+04
   4.1720023e+04
   3.8986175e+04
   3.8986175e+04
   3.8986175e+04
   3.8986175e+04
   3.8986175e+04
   3.8986175e+04
   3.8986175e+04
   3.8986175e+04
   3.8986175e+04
   3.8986175e+04
   3.8986175e+04
   3.8986175e+04
   3.8986175e+04
   3.8986175e+04
   3.8986175e+04
   3.8986175e+04
   3.8986175e+04
   3.8986175e+04
   3.8986175e+04
   3.8986175e+04
   3.8986175e+04
   3.8986175e+04
   3.8986175e+04
   3.8986175e+04
   3.8986175e+04
   3.8986175e+04
   3.8986175e+04
   3.8986175e+04
   3.8986175e+04
   3.8986175e+04
   3.8986175e+04
   3.8986175e+04
   3.8986175e+04
   3.8986175e+04
   3.8986175e+04
   3.8986175e+04
   3.8986175e+04
   3.8986175e+04
   3.8986175e+04
   3.8986175e+04
   3.8986175e+04
   3.8986175e+04
   3.8986175e+04
   3.8986175e+04
   3.8986175e+04
   3.8986175e+04
   3.8986175e+04
   3.8986175e+04
   3.8986175e+04
   4.5393231e+04
   5.2384411e+04
   6.0000000e+04
   6.0000000e+04
   6.0000000e+04
   6.0000000e+04
   6.0000000e+04
   6.0000000e+04
   6.0000000e+04
   6.0000000e+04
   6.0000000e+04
   6.0000000e+04
   6.0000000e+04
   6.0000000e+04
   6.0000000e+04
   6.0000000e+04
   6.0000000e+04
   6.0000000e+04
   6.0000000e+04
   6.0000000e+04
   6.0000000e+04
   6.0000000e+04
   6.0000000e+04
   5.9025849e+04
   5.9025849e+04
   5.9025849e+04
   5.9025849e+04
   5.9025849e+04
   5.5861690e+04
   4.7268288e+04
   3.9064913e+04
   3.7814264e+04
   3.7814264e+04
   3.7814264e+04
   3.7814264e+04
   3.7814264e+04
   3.7814264e+04
   3.7814264e+04
   3.7814264e+04
   3.7814264e+04
   3.7814264e+04
   4.6916715e+04
   5.6524552e+04
   5.6524552e+04
   5.6524552e+04
   4.8399915e+04
   4.5001373e+04
   4.5001373e+04
   4.5001373e+04
   4.5001373e+04
   4.5001373e+04
   4.5001373e+04
   4.5001373e+04
   4.3477889e+04
   4.1994690e+04
   4.1994690e+04
   4.1994690e+04
   4.1994690e+04
   4.1994690e+04
   4.1994690e+04
   4.1994690e+04
   4.1994690e+04
   4.1994690e+04
   4.1994690e+04
   4.3400983e+04
   4.6682333e+04
   5.2422864e+04
   5.4103824e+04
   5.4103824e+04
   4.7345195e+04
   4.7345195e+04
   4.7345195e+04
   4.7345195e+04
   4.7345195e+04
   4.7345195e+04
   4.7345195e+04
   4.5666066e+04
   4.1329997e+04
   3.9454939e+04
   3.4104434e+04
   3.4104434e+04
   3.4104434e+04
   3.4104434e+04
   3.4104434e+04
   3.4104434e+04
   3.4104434e+04
   3.4104434e+04
   3.4104434e+04
   3.4104434e+04
   3.4104434e+04
   3.4104434e+04
   4.3009125e+04
   4.8165532e+04
   5.7344890e+04
   6.0000000e+04
   6.0000000e+04
   6.0000000e+04
   6.0000000e+04
   6.0000000e+04
   6.0000000e+04
   6.0000000e+04
   6.0000000e+04
   6.0000000e+04
   6.0000000e+04
   6.0000000e+04
   6.0000000e+04
   6.0000000e+04
   6.0000000e+04
   6.0000000e+04
   6.0000000e+04
   6.0000000e+04
   6.0000000e+04
   6.0000000e+04
   6.0000000e+04
   6.0000000e+04
   6.0000000e+04
   5.7696463e+04
   4.3400983e+04
   4.0158086e+04
   3.8010193e+04
   3.8010193e+04
   3.8010193e+04
   3.8010193e+04
   3.0431227e+04
   2.9065218e+04
   2.9065218e+04
   2.9065218e+04
   2.9065218e+04
   2.9065218e+04
   2.9065218e+04
   2.9065218e+04
   2.9065218e+04
   2.8459120e+04
   2.8821680e+04
   3.7151402e+04
   4.6759239e+04
   6.0000000e+04
   6.0000000e+04
   6.0000000e+04
   6.0000000e+04
   6.0000000e+04
   6.0000000e+04
   6.0000000e+04
   6.0000000e+04
   6.0000000e+04
   6.0000000e+04
   6.0000000e+04
   6.0000000e+04
   6.0000000e+04
   6.0000000e+04
   6.0000000e+04
   5.4962615e+04
   4.6876431e+04
   4.6876431e+04
   4.6876431e+04
   4.6876431e+04
   4.6876431e+04
   4.6876431e+04
   4.6876431e+04
   4.6876431e+04
   4.6876431e+04
   5.4103824e+04
   6.0000000e+04
   6.0000000e+04
   6.0000000e+04
   6.0000000e+04
   6.0000000e+04
   6.0000000e+04
   6.0000000e+04
   6.0000000e+04
   6.0000000e+04
   6.0000000e+04
   6.0000000e+04
   6.0000000e+04
   4.9806207e+04
   4.8399915e+04
   4.8399915e+04
   4.7033906e+04
   3.9495224e+04
   3.7893002e+04
   2.7893307e+04
   1.5081027e+04
   1.1878414e+04
   8.9870907e+03
   8.9870907e+03
   8.9870907e+03
   8.9870907e+03
   8.9870907e+03
   3.4728843e+04
   6.0000000e+04
   6.0000000e+04
   6.0000000e+04
   6.0000000e+04
   6.0000000e+04
   6.0000000e+04
   6.0000000e+04
   6.0000000e+04
   6.0000000e+04
   6.0000000e+04
   6.0000000e+04
   6.0000000e+04
   6.0000000e+04
   6.0000000e+04
   6.0000000e+04
   4.8244270e+04
   4.7638173e+04
   4.7638173e+04
   4.7638173e+04
   4.7638173e+04
   4.7638173e+04
   4.7638173e+04
   4.7638173e+04
   4.7638173e+04
   4.7638173e+04
   4.7638173e+04
   4.7638173e+04
   4.7638173e+04
   4.7638173e+04
   4.7638173e+04
   4.7638173e+04
   4.7638173e+04
   4.7638173e+04
   4.7638173e+04
   4.7638173e+04
   4.7638173e+04
   4.7638173e+04
   4.7638173e+04
   4.7638173e+04
   4.7960448e+04
   5.0040590e+04
   5.8751183e+04
   6.0000000e+04
   6.0000000e+04
   6.0000000e+04
   6.0000000e+04
   6.0000000e+04
   6.0000000e+04
   6.0000000e+04
   6.0000000e+04
   6.0000000e+04
   6.0000000e+04
   6.0000000e+04
   6.0000000e+04
   6.0000000e+04
   6.0000000e+04
   6.0000000e+04
   6.0000000e+04
   6.0000000e+04
   5.8322703e+04
   4.4649800e+04
   2.7737663e+04
   2.4026002e+04
   2.4026002e+04
   2.4026002e+04
   2.4026002e+04
   2.4026002e+04
   2.4026002e+04
   2.4026002e+04
   2.4026002e+04
   2.4026002e+04
   2.5549486e+04
   6.0000000e+04
   6.0000000e+04
   6.0000000e+04
   5.5118259e+04
   2.0940580e+04
   1.1955321e+04
   1.3440352e+04
   3.3829768e+04
   4.1329997e+04
   3.9220557e+04
   2.7737663e+04
   2.0979034e+04
   2.0979034e+04
   2.0979034e+04
   3.9143651e+04
   5.8361156e+04
   5.8361156e+04
   5.8361156e+04
   5.8361156e+04
   5.8361156e+04
   5.8361156e+04
   6.0000000e+04
   6.0000000e+04
   6.0000000e+04
   6.0000000e+04
   6.0000000e+04
   5.4611042e+04
   4.6759239e+04
   4.6759239e+04
   4.6759239e+04
   4.0899686e+04
   3.1681875e+04
   2.0861843e+04
   1.9261452e+04
   2.0706198e+04
   2.6173894e+04
   4.2305979e+04
   4.6486404e+04
   4.6486404e+04
   5.4845424e+04
   5.6682028e+04
   5.6682028e+04
   5.6682028e+04
   5.6682028e+04
   2.7151708e+04
  -0.0000000e+00
  -0.0000000e+00
  -0.0000000e+00
  -0.0000000e+00
  -0.0000000e+00
  -0.0000000e+00
  -0.0000000e+00
  -0.0000000e+00
  -0.0000000e+00
  -0.0000000e+00
  -0.0000000e+00
  -0.0000000e+00
  -0.0000000e+00
  -0.0000000e+00
  -0.0000000e+00
  -0.0000000e+00
  -0.0000000e+00
  -0.0000000e+00
  -0.0000000e+00
  -0.0000000e+00
  -0.0000000e+00
  -0.0000000e+00
  -0.0000000e+00
  -0.0000000e+00
  -0.0000000e+00
  -0.0000000e+00
  -0.0000000e+00
  -0.0000000e+00
  -0.0000000e+00
  -0.0000000e+00
  -0.0000000e+00
  -0.0000000e+00
  -0.0000000e+00
  -0.0000000e+00
  -0.0000000e+00
  -0.0000000e+00
  -0.0000000e+00
  -0.0000000e+00
  -0.0000000e+00
  -0.0000000e+00
  -0.0000000e+00
  -0.0000000e+00
  -0.0000000e+00
  -0.0000000e+00
  -0.0000000e+00
  -0.0000000e+00
  -0.0000000e+00
  -0.0000000e+00
  -0.0000000e+00
  -0.0000000e+00
  -0.0000000e+00
  -0.0000000e+00
  -0.0000000e+00
  -0.0000000e+00
  -0.0000000e+00
  -0.0000000e+00
  -0.0000000e+00
  -0.0000000e+00
  -0.0000000e+00
  -0.0000000e+00
  -0.0000000e+00
  -0.0000000e+00
  -0.0000000e+00
  -0.0000000e+00
  -0.0000000e+00
  -0.0000000e+00
  -0.0000000e+00
  -0.0000000e+00
  -0.0000000e+00
  -0.0000000e+00
  -0.0000000e+00
  -0.0000000e+00
  -0.0000000e+00
  -0.0000000e+00
  -0.0000000e+00
  -0.0000000e+00
  -0.0000000e+00
  -0.0000000e+00
  -0.0000000e+00
  -0.0000000e+00
  -0.0000000e+00
  -0.0000000e+00
  -0.0000000e+00
  -0.0000000e+00
  -0.0000000e+00
  -0.0000000e+00
  -0.0000000e+00
  -0.0000000e+00
  -0.0000000e+00
  -0.0000000e+00
  -0.0000000e+00
  -0.0000000e+00
  -0.0000000e+00
  -0.0000000e+00
  -0.0000000e+00
  -0.0000000e+00
  -0.0000000e+00
  -0.0000000e+00
  -0.0000000e+00
  -0.0000000e+00
  -0.0000000e+00
  -0.0000000e+00
  -0.0000000e+00
  -0.0000000e+00
  -0.0000000e+00
  -0.0000000e+00
  -0.0000000e+00
  -0.0000000e+00
  -0.0000000e+00
  -0.0000000e+00
  -0.0000000e+00
  -0.0000000e+00
  -0.0000000e+00
  -0.0000000e+00
  -0.0000000e+00
  -0.0000000e+00
  -0.0000000e+00
  -0.0000000e+00
  -0.0000000e+00
  -0.0000000e+00
  -0.0000000e+00
  -0.0000000e+00
  -0.0000000e+00
  -0.0000000e+00
  -0.0000000e+00
  -0.0000000e+00
  -0.0000000e+00
  -0.0000000e+00
  -0.0000000e+00
  -0.0000000e+00
  -0.0000000e+00
  -0.0000000e+00
  -0.0000000e+00
  -0.0000000e+00
  -0.0000000e+00
  -0.0000000e+00
  -0.0000000e+00
  -0.0000000e+00
  -0.0000000e+00
  -0.0000000e+00
  -0.0000000e+00
  -0.0000000e+00
  -0.0000000e+00
  -0.0000000e+00
  -0.0000000e+00
  -0.0000000e+00
  -0.0000000e+00
  -0.0000000e+00
  -0.0000000e+00
  -0.0000000e+00
  -0.0000000e+00
  -0.0000000e+00
  -0.0000000e+00
  -0.0000000e+00
  -0.0000000e+00
  -0.0000000e+00
  -0.0000000e+00
  -0.0000000e+00
  -0.0000000e+00
  -0.0000000e+00
  -0.0000000e+00
  -0.0000000e+00
  -0.0000000e+00
  -0.0000000e+00
  -0.0000000e+00
  -0.0000000e+00
  -0.0000000e+00
