   9.8290771e+00
   9.8082002e+00
   9.8118407e+00
   9.8024787e+00
   9.7868561e+00
   9.8386783e+00
   9.8114548e+00
   9.8087920e+00
   9.8164167e+00
   9.8103988e+00
   9.8001609e+00
   9.7976390e+00
   9.7902230e+00
   9.7900698e+00
   9.8006070e+00
   9.8281568e+00
   9.8031740e+00
   9.8099152e+00
   9.7973671e+00
   9.8051059e+00
   9.8047311e+00
   9.8350120e+00
   9.8011783e+00
   9.8002071e+00
   9.8018589e+00
   9.8136826e+00
   9.7957287e+00
   9.8094141e+00
   9.8265114e+00
   9.8182130e+00
   9.7950177e+00
   9.8009883e+00
   9.8024600e+00
   9.8163688e+00
   9.8062075e+00
   9.7826684e+00
   9.7865340e+00
   9.7957591e+00
   9.8059952e+00
   9.8242485e+00
   9.8260728e+00
   9.8138206e+00
   9.8150613e+00
   9.8080038e+00
   9.7980062e+00
   9.8117928e+00
   9.8013169e+00
   9.8100409e+00
   9.8072360e+00
   9.7855978e+00
   9.7932577e+00
   9.8141118e+00
   9.8122056e+00
   9.8040493e+00
   9.8059701e+00
   9.7938167e+00
   9.8104725e+00
   9.8180645e+00
   9.8183557e+00
   9.7921888e+00
   9.9818801e+00
   1.0007706e+01
   9.9126876e+00
   9.6835563e+00
   9.8404769e+00
   9.8063964e+00
   9.6873523e+00
   9.7916836e+00
   9.7806441e+00
   9.5797197e+00
   9.9580854e+00
   1.0773108e+01
   9.7648829e+00
   9.2902205e+00
   1.0058815e+01
   1.1083590e+01
   1.0508082e+01
   9.6732453e+00
   1.0210158e+01
   1.0516620e+01
   9.6484414e+00
   1.0832480e+01
   1.0208978e+01
   1.0498423e+01
   1.0017426e+01
   9.8295274e+00
   9.9261900e+00
   9.7062827e+00
   8.7626701e+00
   8.3451456e+00
   7.6544169e+00
   7.1721743e+00
   7.2725060e+00
   5.9343760e+00
   6.9923461e+00
   6.2287938e+00
   3.2761598e+00
   5.5057827e+00
   7.5562246e+00
   2.0419974e+01
   9.0184753e+00
   8.7578386e+00
   1.0162995e+01
   1.0143016e+01
   9.2252650e+00
   9.6554242e+00
   9.9449958e+00
   1.0305070e+01
   9.5848495e+00
   9.9382482e+00
   9.2924127e+00
   1.0562638e+01
   1.1064497e+01
   1.0015858e+01
   9.9701400e+00
   9.6116829e+00
   1.0017381e+01
   1.0412710e+01
   1.0466741e+01
   9.9901434e+00
   1.1727089e+01
   9.4776098e+00
   9.8687271e+00
   9.6357401e+00
   8.8073247e+00
   9.9529469e+00
   1.0777919e+01
   9.8669940e+00
   1.0194164e+01
   1.0532048e+01
   1.0468655e+01
   1.0693865e+01
   1.0558009e+01
   1.0163067e+01
   1.0538803e+01
   1.0040987e+01
   1.0068819e+01
   1.0068357e+01
   1.0006185e+01
   1.0272763e+01
   9.3373772e+00
   9.4486421e+00
   9.3027248e+00
   9.7668522e+00
   9.5193168e+00
   9.4847638e+00
   9.7458315e+00
   9.4619591e+00
   9.3238251e+00
   9.7208411e+00
   9.2550618e+00
   9.4965998e+00
   9.3359510e+00
   9.4771607e+00
   9.4643430e+00
   9.0814007e+00
   9.8156554e+00
   9.3878123e+00
   9.3101233e+00
   9.5491440e+00
   9.8665823e+00
   1.0319310e+01
   1.0072733e+01
   1.1113481e+01
   1.1553878e+01
   1.0953339e+01
   1.1135751e+01
   9.8366434e+00
   9.8906226e+00
   9.2315005e+00
   8.6545036e+00
   9.0218930e+00
   8.9488285e+00
   8.8542019e+00
   8.5652032e+00
   9.0655723e+00
   9.5034276e+00
   9.2242943e+00
   9.5545562e+00
   9.7666856e+00
   1.0080975e+01
   1.0299971e+01
   1.0371616e+01
   1.0627951e+01
   2.1980624e+01
   1.0240266e+01
   1.0625496e+01
   1.0358245e+01
   1.0382996e+01
   1.0516134e+01
   1.0199381e+01
   1.0382803e+01
   9.8262202e+00
   1.0412407e+01
   1.0857574e+01
   9.9159013e+00
   1.0103117e+01
   1.0709346e+01
   1.0520552e+01
   1.1086992e+01
   1.1186207e+01
   1.1651324e+01
   1.1534953e+01
   1.1636727e+01
   1.1749090e+01
   1.1905193e+01
   1.0496124e+01
   9.4990036e+00
   8.7957642e+00
   8.4638435e+00
   8.2194053e+00
   8.5118655e+00
   8.4241374e+00
   8.2839124e+00
   8.0425165e+00
   7.3525445e+00
   7.9260201e+00
   8.1327361e+00
   9.2954357e+00
   1.0135081e+01
   1.1244889e+01
   1.1503575e+01
   1.1628746e+01
   1.1788980e+01
   1.1815827e+01
   1.1687562e+01
   1.1811348e+01
   1.1330411e+01
   1.1711417e+01
   1.0412658e+01
   9.2626193e+00
   8.8420724e+00
   8.0384521e+00
   8.2971382e+00
   8.3535656e+00
   7.6073240e+00
   8.0287124e+00
   8.0966372e+00
   7.8690232e+00
   7.4404872e+00
   7.7754087e+00
   7.2386559e+00
   7.5837726e+00
   7.7650527e+00
   8.0413330e+00
   7.4873310e+00
   7.4973584e+00
   8.0848661e+00
   8.2925704e+00
   9.0796629e+00
   1.0959582e+01
   1.1698269e+01
   1.1963684e+01
   1.2108997e+01
   1.1168097e+01
   1.0188160e+01
   9.2794196e+00
   9.7862299e+00
   1.0045935e+01
   1.1045356e+01
   1.1247946e+01
   1.0471826e+01
   1.0130153e+01
   9.2231588e+00
   8.2778652e+00
   9.8796953e+00
   9.5362187e+00
   1.0109147e+01
   9.5909756e+00
   9.7946136e+00
   9.5696525e+00
   9.6611995e+00
   9.6682571e+00
   9.8627512e+00
   1.0989277e+01
   1.1644798e+01
   1.2194381e+01
   1.1942905e+01
   1.1795420e+01
   1.1347156e+01
   1.1242747e+01
   1.0494214e+01
   1.0266387e+01
   9.6939795e+00
   1.0016675e+01
   9.9886745e+00
   9.8886135e+00
   9.1435449e+00
   9.5718774e+00
   9.1149122e+00
   8.8466040e+00
   8.3448994e+00
   7.8895060e+00
   8.3711815e+00
   8.1124211e+00
   8.0067269e+00
   8.6294384e+00
   8.8120007e+00
   9.6379942e+00
   9.8864056e+00
   9.9106084e+00
   9.5676803e+00
   9.6948128e+00
   9.4061270e+00
   9.2003073e+00
   9.2743331e+00
   9.6301022e+00
   1.0016838e+01
   9.5684357e+00
   9.7301177e+00
   9.8708543e+00
   9.6275493e+00
   9.2981447e+00
   9.8889398e+00
   9.3733562e+00
   9.9630789e+00
   1.0149029e+01
   9.9323249e+00
   9.6524339e+00
   9.5994821e+00
   9.7939985e+00
   9.9505519e+00
   9.9647524e+00
   9.8526788e+00
   9.9214935e+00
   1.0491663e+01
   1.0208356e+01
   1.0870953e+01
   1.0508658e+01
   1.0738891e+01
   1.0333309e+01
   1.1062117e+01
   1.0292518e+01
   1.0634432e+01
   1.0558382e+01
   1.0558382e+01
   1.0490901e+01
   1.0843927e+01
   1.0762808e+01
   1.0386878e+01
   1.0972646e+01
   1.0292110e+01
   1.0256150e+01
   1.0451820e+01
   9.8376374e+00
   9.5443926e+00
   9.7763300e+00
   9.8219845e+00
   1.0075016e+01
   9.5289203e+00
   1.0016223e+01
   9.3898103e+00
   1.0041862e+01
   9.4949579e+00
   9.6491168e+00
   9.6271751e+00
   9.5272468e+00
   9.5721563e+00
   9.8415282e+00
   9.5517735e+00
   9.7530838e+00
   9.7803844e+00
   1.0152012e+01
   9.5625651e+00
   9.8169488e+00
   9.2773496e+00
   9.6430690e+00
   8.8086006e+00
   9.3133375e+00
   9.2950427e+00
   8.8085380e+00
   8.6146385e+00
   9.0117428e+00
   9.3564256e+00
   9.1413984e+00
   9.2526177e+00
   9.0990259e+00
   9.4498472e+00
   9.6262916e+00
   9.4517066e+00
   1.0099872e+01
   9.2424698e+00
   1.0129809e+01
   1.0210424e+01
   9.7093232e+00
   9.3610631e+00
   9.7459619e+00
   9.5724077e+00
   1.0079468e+01
   9.3571086e+00
   9.5964942e+00
   9.9735419e+00
   1.0173737e+01
   1.0102313e+01
   9.7441340e+00
   9.7418677e+00
   1.0288244e+01
   9.9972091e+00
   1.1340573e+01
   1.1523393e+01
   1.1742598e+01
   1.1927269e+01
   1.1783087e+01
   1.1876516e+01
   1.2511225e+01
   1.1624061e+01
   1.1784250e+01
   1.1792234e+01
   1.1288321e+01
   9.5849202e+00
   8.7597231e+00
   7.9066424e+00
   7.4623061e+00
   7.1561476e+00
   7.8712919e+00
   7.4342763e+00
   7.4171451e+00
   7.4572810e+00
   7.7022811e+00
   8.1317515e+00
   9.3333221e+00
   1.1235782e+01
   1.1250857e+01
   1.0875908e+01
   1.0780102e+01
   1.0496154e+01
   9.7986973e+00
   9.8386560e+00
   9.5147179e+00
   9.4007423e+00
   9.4524825e+00
   8.4520625e+00
   8.4536956e+00
   8.4051953e+00
   8.3911456e+00
   8.8948517e+00
   9.4896001e+00
   9.3944898e+00
   9.2508249e+00
   9.8788206e+00
   9.7116574e+00
   9.6893205e+00
   9.1254296e+00
   9.5104653e+00
   9.5226865e+00
   9.8622764e+00
   1.0518360e+01
   1.0677512e+01
   1.0254931e+01
   1.0138291e+01
   9.8757262e+00
   1.0195708e+01
   9.8970966e+00
   9.9874197e+00
   9.4251123e+00
   9.5522623e+00
   9.6629028e+00
   9.4407665e+00
   9.0575183e+00
   9.1975843e+00
   8.7952660e+00
   9.1044878e+00
   9.1113975e+00
   9.3241274e+00
   9.7026849e+00
   9.6277546e+00
   9.9236804e+00
   1.0624186e+01
   1.1438600e+01
   1.1249617e+01
   1.1285267e+01
   1.1627861e+01
   1.1367436e+01
   1.1254521e+01
   1.1605773e+01
   1.1406229e+01
   1.1213853e+01
   1.0879997e+01
   1.0972608e+01
   1.1369217e+01
   1.1293398e+01
   1.1633123e+01
   1.1650114e+01
   1.1478913e+01
   1.1803474e+01
   1.1665995e+01
   1.1617557e+01
   1.1777193e+01
   1.1144319e+01
   1.0895455e+01
   1.0149984e+01
   8.7647342e+00
   8.1917550e+00
   7.7840380e+00
   6.9994808e+00
   6.7294488e+00
   6.7843132e+00
   7.2195788e+00
   6.2629001e+00
   6.4539742e+00
   6.4373418e+00
   6.0440008e+00
   6.2481206e+00
   6.8112566e+00
   8.5107756e+00
   9.8963271e+00
   1.1411026e+01
   1.1359355e+01
   1.1886290e+01
   1.1850856e+01
   1.1869265e+01
   1.1740527e+01
   1.1753757e+01
   1.0795912e+01
   9.6006872e+00
   8.3343493e+00
   7.7080803e+00
   7.1586754e+00
   6.4567505e+00
   5.7616218e+00
   5.6983859e+00
   5.9719216e+00
   5.1273819e+00
   5.0868911e+00
   5.7543554e+00
   6.7045636e+00
   8.5592367e+00
   9.9936400e+00
   1.0652622e+01
   1.1511499e+01
   1.1758969e+01
   1.2326566e+01
   1.1673536e+01
   1.1950945e+01
   1.1707426e+01
   1.2159233e+01
   1.0915942e+01
   1.1261031e+01
   1.1531515e+01
   1.1316091e+01
   1.1186092e+01
   1.1656545e+01
   1.1038297e+01
   1.1102143e+01
   1.0826191e+01
   1.0913596e+01
   1.0767547e+01
   9.8521456e+00
   8.9441350e+00
   8.2321020e+00
   7.8917437e+00
   7.4404118e+00
   7.1327488e+00
   6.9763457e+00
   7.6749541e+00
   8.4771939e+00
   9.4958402e+00
   1.0407688e+01
   9.2277436e+00
   8.9383281e+00
   9.6460014e+00
   9.4258052e+00
   9.6114081e+00
   8.7799954e+00
   8.4955021e+00
   8.5843768e+00
   8.2492647e+00
   8.0067848e+00
   6.7132292e+00
   6.5996851e+00
   4.3319784e+00
   4.2113059e+00
   2.6105809e+00
   2.5354077e+00
   1.0975827e+02
   1.8085963e+00
   3.0516883e+01
   9.8286678e+00
   9.6992713e+00
   9.7150634e+00
   9.7499052e+00
   9.8396278e+00
   9.8418966e+00
   9.8351068e+00
   9.8381812e+00
   9.8057842e+00
   9.8069214e+00
   9.7792694e+00
   9.7793144e+00
   9.8151900e+00
   9.7929612e+00
   9.7976144e+00
   9.7940342e+00
   9.8048159e+00
   9.8090896e+00
   9.8269546e+00
   9.8080231e+00
   9.8188585e+00
   9.8281135e+00
   9.8140521e+00
   9.8009438e+00
   9.8030617e+00
   9.8139317e+00
   9.8051579e+00
   9.8230662e+00
   9.8147596e+00
   9.8081581e+00
   9.8110513e+00
   9.8505668e+00
   9.7958527e+00
   9.8062402e+00
   9.8270481e+00
   9.7992031e+00
   9.8128406e+00
   9.8269604e+00
   9.8241175e+00
   9.8026746e+00
   9.7888799e+00
   9.8392735e+00
   9.8087563e+00
   9.8038838e+00
   9.8270306e+00
   9.7905679e+00
   9.7925829e+00
   9.8134428e+00
   9.8392899e+00
   9.8231422e+00
   9.8056561e+00
   9.7924619e+00
   9.8252624e+00
   9.7839372e+00
   9.8101532e+00
   9.8064045e+00
   9.8109227e+00
   9.8103099e+00
   9.8175593e+00
   9.8113647e+00
   9.8251607e+00
   9.8091393e+00
   9.8186118e+00
   9.8043849e+00
   9.7856656e+00
   9.7915591e+00
   9.8046773e+00
   9.7907352e+00
   9.8262529e+00
   9.8120828e+00
   9.8252495e+00
   9.8278913e+00
   9.8149713e+00
   9.8187030e+00
   9.7928051e+00
   9.8170155e+00
   9.8003053e+00
   9.8246952e+00
   9.8085768e+00
   9.8128371e+00
   9.8126277e+00
   9.8270552e+00
   9.8071354e+00
   9.8189053e+00
   9.8204303e+00
   9.8172669e+00
   9.8129376e+00
   9.8197765e+00
   9.8245911e+00
   9.7961275e+00
   9.8256062e+00
   9.8282375e+00
   9.8236334e+00
   9.7860568e+00
   9.8062858e+00
   9.8047931e+00
   9.7949007e+00
   9.8144942e+00
   9.8275487e+00
   9.8193836e+00
   9.8013303e+00
   9.8266950e+00
   9.8131832e+00
   9.7960374e+00
   9.8168985e+00
   9.8143141e+00
   9.7997802e+00
   9.8266353e+00
   9.8274224e+00
   9.8130265e+00
   9.8108303e+00
   9.8203519e+00
   9.7921777e+00
   9.7968397e+00
   9.8235644e+00
   9.7937687e+00
   9.8067495e+00
   9.8134265e+00
   9.8106619e+00
   9.8109601e+00
   9.8021530e+00
   9.8134347e+00
   9.8175382e+00
   9.8186995e+00
   9.8218698e+00
   9.8098948e+00
   9.8237258e+00
   9.8052486e+00
   9.7939149e+00
   9.8070512e+00
   9.7933425e+00
   9.7913667e+00
   9.8069513e+00
   9.8321025e+00
   9.7896061e+00
   9.8132031e+00
   9.8120068e+00
   9.7825327e+00
   9.8135060e+00
   9.7998691e+00
   9.8197836e+00
   9.8085891e+00
   9.8004076e+00
   9.8386549e+00
   9.8011292e+00
   1.0390321e+01
   1.0511445e+01
   1.0165456e+01
   9.9738121e+00
   9.6638611e+00
   1.0218201e+01
   9.6067736e+00
   9.3333180e+00
   1.0424193e+01
   9.2369091e+00
   1.0002696e+01
   9.4058837e+00
   1.0049546e+01
   1.0601919e+01
   9.6159479e+00
   1.0218007e+01
   9.8677319e+00
   1.0706390e+01
   9.7423349e+00
   1.0876871e+01
   1.0462342e+01
   1.0991982e+01
   1.1306417e+01
   1.1189530e+01
   1.0744734e+01
   1.0719409e+01
   1.0929025e+01
   1.1522885e+01
   1.1047733e+01
   1.0531502e+01
   9.4812391e+00
   8.2632881e+00
   6.2647472e+00
   5.2786412e+00
   4.1232992e+00
   3.4015326e+00
   4.3315124e+00
   3.8743917e+00
   1.1098012e+02
   5.4992747e+00
   6.1850736e+00
   1.1595191e+01
   6.7403895e+00
   1.2275391e+01
   6.7571243e+00
   9.8773740e+00
   4.2821622e+00
   1.7937094e+00
   4.1404678e+00
   5.0266297e+00
   0.0000000e+00
  -7.8849762e+00
   2.0437467e+00
   0.0000000e+00
   0.0000000e+00
   0.0000000e+00
  -4.0011652e+00
  -9.4053130e+00
  -8.3045443e+00
  -9.7755435e+00
  -9.7392703e+00
  -9.6110198e+00
  -9.5268743e+00
  -9.6073688e+00
  -9.5205143e+00
  -9.5284472e+00
  -9.5467309e+00
  -9.6584215e+00
  -9.5942699e+00
  -9.5728510e+00
  -9.6293029e+00
  -9.6445296e+00
  -9.6070180e+00
  -9.6169279e+00
  -9.6559294e+00
  -9.6168589e+00
  -9.6265307e+00
  -9.6004738e+00
  -9.6614948e+00
  -9.5402966e+00
  -9.5457532e+00
  -9.6213302e+00
  -9.6662380e+00
  -9.6025963e+00
  -9.6644605e+00
  -9.6276803e+00
  -9.6213127e+00
  -9.6474275e+00
  -9.6254671e+00
  -9.6251906e+00
  -9.6301233e+00
  -9.6138183e+00
  -9.6339181e+00
  -9.6229370e+00
  -9.6305630e+00
  -9.6172360e+00
  -9.6230078e+00
  -9.6195509e+00
  -9.6201339e+00
  -9.5998984e+00
  -9.6141358e+00
  -9.6249929e+00
  -9.6363295e+00
  -9.6043640e+00
  -9.5899289e+00
  -9.5992587e+00
  -9.6061643e+00
  -9.6204321e+00
  -9.6289772e+00
  -9.6243848e+00
  -9.6110321e+00
  -9.6339713e+00
  -9.6249485e+00
  -9.6110719e+00
  -9.6298976e+00
  -9.6255882e+00
  -9.6278855e+00
  -9.6338824e+00
  -9.6271903e+00
  -9.6112432e+00
  -9.6100995e+00
  -9.6199298e+00
  -9.6259215e+00
  -9.6066105e+00
  -9.6212297e+00
  -9.6198708e+00
  -9.7045238e+00
  -9.5818492e+00
  -9.6266810e+00
  -9.6094814e+00
  -9.6268564e+00
  -9.6055995e+00
  -9.6108953e+00
  -9.6052738e+00
  -9.6125734e+00
  -9.6237796e+00
  -9.6084365e+00
  -9.6336357e+00
  -9.6140627e+00
  -9.6236329e+00
  -9.6142656e+00
