   9.9389603e+00
   9.4780267e+00
   9.5207558e+00
   9.7233285e+00
   9.2464740e+00
   1.0785144e+01
   1.0341220e+01
   8.9315038e+00
   7.4916299e+00
   7.0062741e+00
   6.0137011e+00
   9.3853658e+00
   1.1934962e+01
   7.8532287e+00
   8.9262904e+00
   1.0371065e+01
   1.1668167e+01
   8.4150350e+00
   8.0103212e+00
   1.2559907e+01
   1.3664032e+01
   1.0262469e+01
   1.7330912e+01
   1.7330912e+01
   1.3645883e+01
   9.9636765e+00
   9.8853425e+00
   9.1945127e+00
   8.7374476e+00
   6.9955012e+00
   6.9859439e+00
   7.4929841e+00
   8.9816431e+00
   1.3234196e+01
   1.0627268e+01
   1.0610681e+01
   1.1246257e+01
   1.1390277e+01
   1.2496103e+01
   1.2802118e+01
   1.1496349e+01
   9.6188697e+00
   8.6045649e+00
   7.8619130e+00
   8.4883825e+00
   9.2030064e+00
   8.9852672e+00
   9.3192490e+00
   8.9065023e+00
   8.9088675e+00
   1.3215384e+01
   8.3414396e+00
   8.3260971e+00
   1.1613693e+01
   1.1517989e+01
   7.5601978e+00
   9.8525841e+00
   1.0177241e+01
   8.2139978e+00
   7.6434739e+00
   8.7282353e+00
   7.7628155e+00
   7.5517772e+00
   8.1152056e+00
   6.9992697e+00
   8.3755178e+00
   7.8290721e+00
   7.1403794e+00
   6.0036678e+00
   4.7820711e+00
   5.4386625e+00
   5.9157035e+00
   4.5064114e+00
   5.2967149e+00
   4.9545014e+00
   8.8623839e+00
   1.3514489e+01
   1.4478616e+01
   1.6188079e+01
   1.4625500e+01
   1.5301678e+01
   1.5957105e+01
   1.3391596e+01
   1.3238358e+01
   1.4326863e+01
   1.2311805e+01
   1.3832262e+01
   1.1950988e+01
   1.2227687e+01
   1.0502612e+01
   1.1476891e+01
   9.2868414e+00
   1.7629077e+01
   1.0883731e+01
   9.6819226e+00
   9.8187357e+00
   9.0889974e+00
   1.0016990e+01
   1.0168204e+01
   1.0191539e+01
   1.0179343e+01
   1.0169268e+01
   1.0194704e+01
   1.0161143e+01
   1.0190552e+01
   1.0176589e+01
   1.0176411e+01
   1.0150948e+01
   1.0187592e+01
   1.0178359e+01
   1.0196586e+01
   1.0188676e+01
   1.0178711e+01
   1.0277570e+01
   1.0244401e+01
   1.0165520e+01
   1.0164784e+01
   1.0439240e+01
   1.0031978e+01
   1.0501515e+01
   9.8593657e+00
   1.0128880e+01
   1.0251513e+01
   1.0177164e+01
   9.6235761e+00
   1.0403660e+01
   1.0300671e+01
   1.0168197e+01
   1.0501505e+01
   1.0264711e+01
   1.0426654e+01
   1.0258292e+01
   1.0314832e+01
   1.0363000e+01
   1.0177280e+01
   1.0412025e+01
   1.0725699e+01
   1.0251666e+01
   1.0297051e+01
   1.0246857e+01
   1.0250832e+01
   1.0283078e+01
   1.0370755e+01
   1.0168018e+01
   9.8666174e+00
   1.0219123e+01
   9.6109152e+00
   1.0210273e+01
   1.0365039e+01
   9.4334914e+00
   1.0491135e+01
   9.8507376e+00
   9.8217704e+00
   1.0005882e+01
   1.2715100e+01
   9.8399962e+00
   9.0783397e+00
   9.2917706e+00
   9.7384190e+00
   1.1498615e+01
   9.2212860e+00
   9.9580199e+00
   9.2962636e+00
   1.0006594e+01
   1.0300836e+01
   1.0338047e+01
   1.0117631e+01
   1.0849834e+01
   1.0595989e+01
   1.0302203e+01
   9.8388010e+00
   9.3804249e+00
   9.4392988e+00
   9.7872853e+00
   9.9555571e+00
   1.2490033e+01
   1.0238303e+01
   9.9279968e+00
   9.6440554e+00
   9.4842288e+00
   9.7633924e+00
   9.6501582e+00
   9.5811751e+00
   1.0341215e+01
   9.6538174e+00
   1.0377145e+01
   9.6678361e+00
   9.4607803e+00
   9.7334909e+00
   9.8313646e+00
   9.5704659e+00
   9.4678999e+00
   1.2801274e+01
   9.8728962e+00
   9.3424596e+00
   9.9457700e+00
   9.8798228e+00
   9.8867365e+00
   1.0993826e+01
   1.0395417e+01
   1.0505271e+01
   1.0453991e+01
   1.0481818e+01
   1.0662325e+01
   1.0747730e+01
   1.0739238e+01
   1.0514658e+01
   1.0308366e+01
   1.0171780e+01
   1.0587376e+01
   1.0662745e+01
   1.0887868e+01
   1.0734200e+01
   1.0504735e+01
   1.0624953e+01
   1.0456587e+01
   1.0366295e+01
   1.0376808e+01
   1.0595310e+01
   1.0477504e+01
   1.0054159e+01
   1.0389777e+01
   1.0742382e+01
   1.0578516e+01
   1.0501378e+01
   1.0387082e+01
   1.0442065e+01
   1.0634002e+01
   1.0566631e+01
   1.0480105e+01
   1.0686144e+01
   1.1095230e+01
   1.1372493e+01
   1.1722520e+01
   1.2017457e+01
   1.2158829e+01
   1.2117074e+01
   1.1935804e+01
   1.1718344e+01
   1.1581087e+01
   1.1555958e+01
   1.1568340e+01
   1.1286769e+01
   1.1008538e+01
   1.0813891e+01
   1.0229953e+01
   1.0086046e+01
   9.9870268e+00
   9.8791784e+00
   9.8837568e+00
   9.7222514e+00
   9.6361284e+00
   9.6833031e+00
   9.5897290e+00
   9.7014704e+00
   9.5623476e+00
   9.6438601e+00
   9.7097822e+00
   9.6689102e+00
   9.3967439e+00
   8.8181947e+00
   8.5086688e+00
   7.9985110e+00
   8.0070146e+00
   8.0529930e+00
   8.2757228e+00
   8.7228535e+00
   9.1569461e+00
   9.1228358e+00
   9.3354353e+00
   9.2646238e+00
   9.6806795e+00
   9.2843903e+00
   9.5756705e+00
   9.5296956e+00
   9.4152591e+00
   9.6801193e+00
   9.4555207e+00
   9.4975622e+00
   9.5142350e+00
   9.4322137e+00
   9.4489415e+00
   9.4704265e+00
   9.5308890e+00
   9.1239368e+00
   7.8127701e+00
   6.9145173e+00
   6.0573757e+00
   5.6875767e+00
   5.1663635e+00
   5.1624552e+00
   5.4834633e+00
   6.3817488e+00
   8.4211851e+00
   9.2626497e+00
   9.6352343e+00
   1.0000514e+01
   1.1049984e+01
   1.1621093e+01
   1.1907647e+01
   1.1777554e+01
   1.1891554e+01
   1.1883731e+01
   1.1812199e+01
   1.2014079e+01
   1.2304450e+01
   1.2430743e+01
   1.2957008e+01
   1.2749471e+01
   1.2626330e+01
   1.2615009e+01
   1.2477278e+01
   1.2448282e+01
   1.2259469e+01
   1.2340868e+01
   1.2125296e+01
   1.2244841e+01
   1.2421287e+01
   1.2528045e+01
   1.2503238e+01
   1.2281229e+01
   1.2181886e+01
   1.2123107e+01
   1.2022327e+01
   1.2084899e+01
   1.1635832e+01
   1.0799770e+01
   9.5573091e+00
   9.1713934e+00
   8.8014424e+00
   8.7244287e+00
   9.6213408e+00
   1.0729466e+01
   1.1439407e+01
   1.1351285e+01
   1.1365520e+01
   1.1647809e+01
   1.1715954e+01
   1.1641919e+01
   1.1361967e+01
   1.1096611e+01
   1.0797530e+01
   1.0796770e+01
   1.0803911e+01
   1.1405406e+01
   1.1517057e+01
   1.1578590e+01
   1.1156103e+01
   1.0460083e+01
   9.2766836e+00
   8.7273114e+00
   8.7842341e+00
   9.5474015e+00
   1.0167703e+01
   1.0303997e+01
   1.0043848e+01
   1.0129126e+01
   1.0545367e+01
   1.0841891e+01
   1.0572124e+01
   1.0425269e+01
   1.0771378e+01
   1.0903054e+01
   1.0671471e+01
   1.0450564e+01
   1.0261584e+01
   1.0606945e+01
   1.0464657e+01
   1.0439242e+01
   1.0809789e+01
   1.0816640e+01
   1.0715481e+01
   9.9470798e+00
   9.6576157e+00
   9.9219461e+00
   1.0079124e+01
   1.0003762e+01
   9.8027676e+00
   9.9138009e+00
   1.0065553e+01
   9.7967794e+00
   8.8383366e+00
   7.6262187e+00
   7.1704452e+00
   6.3615730e+00
   6.1833984e+00
   5.9430357e+00
   6.7166931e+00
   6.9790817e+00
   7.8479352e+00
   8.9139774e+00
   1.0089359e+01
   1.1348199e+01
   1.1915933e+01
   1.1936059e+01
   1.1750087e+01
   1.1778812e+01
   1.1980655e+01
   1.1444190e+01
   1.0799444e+01
   9.6853643e+00
   8.1349423e+00
   7.7012227e+00
   6.0331904e+00
   5.4549096e+00
   5.6083271e+00
   6.1999618e+00
   7.4792332e+00
   9.5689801e+00
   9.5689801e+00
   1.1669252e+01
   1.1810578e+01
   1.1502572e+01
   1.1062423e+01
   1.1284132e+01
   1.1620021e+01
   1.1767874e+01
   1.1812580e+01
   1.1184987e+01
   1.0684927e+01
   1.0532744e+01
   1.0505497e+01
   1.0378532e+01
   1.0300655e+01
   1.0343033e+01
   1.0297567e+01
   1.0435867e+01
   1.0327372e+01
   1.0398361e+01
   1.0391407e+01
   1.0341341e+01
   1.0407701e+01
   1.0406794e+01
   1.0479589e+01
   1.0873801e+01
   1.1582981e+01
   1.2216378e+01
   1.2513329e+01
   1.2384782e+01
   1.2274248e+01
   1.2251160e+01
   1.2274793e+01
   1.2261739e+01
   1.2204120e+01
   1.2130427e+01
   1.2088661e+01
   1.2118572e+01
   1.2144965e+01
   1.2078679e+01
   1.2033532e+01
   1.1688737e+01
   1.0635821e+01
   9.9002249e+00
   8.2451816e+00
   7.8712779e+00
   8.1536773e+00
   8.9243918e+00
   9.3702508e+00
   9.8393214e+00
   9.7932314e+00
   9.1793193e+00
   8.8772750e+00
   9.5787397e+00
   1.0166216e+01
   1.0190594e+01
   1.0334198e+01
   1.0433661e+01
   9.6854046e+00
   9.3551521e+00
   9.9458074e+00
   1.0230491e+01
   1.0279195e+01
   1.0125626e+01
   1.0113421e+01
   1.0260646e+01
   1.1160248e+01
   1.1497075e+01
   1.1777457e+01
   1.1945209e+01
   1.2063573e+01
   1.1795116e+01
   1.0963263e+01
   1.0281874e+01
   1.0076808e+01
   9.7461063e+00
   9.3794970e+00
   8.4392355e+00
   9.3700795e+00
   9.6776997e+00
   9.2278688e+00
   8.8940752e+00
   8.4182937e+00
   8.2735260e+00
   8.5320162e+00
   8.7326295e+00
   8.5516336e+00
   8.2256367e+00
   7.5810531e+00
   7.0756116e+00
   6.7437102e+00
   6.6423814e+00
   6.6669006e+00
   6.3116553e+00
   4.9921118e+00
   5.0722497e+00
   6.2966321e+00
   8.2017192e+00
   9.9881939e+00
   1.1306449e+01
   1.0474255e+01
   7.8824502e+00
   5.7168613e+00
   4.6959430e+00
   5.4545435e+00
   6.7830678e+00
   9.4465242e+00
   1.0596613e+01
   1.0668382e+01
   1.0641179e+01
   5.1731706e+01
   7.9933053e-01
   3.8614082e+00
   3.2460674e+00
   2.3557444e+00
   2.0460788e+00
   1.0622681e+00
   3.0709569e-01
  -1.6636975e-01
   3.9440037e+00
   3.0107565e-02
   1.0348233e+01
   8.8492767e+00
   2.8135498e+00
   3.1591027e+00
   2.5763885e+00
  -5.9720844e-01
  -3.0458424e-01
   1.9029801e+00
   1.1416488e+00
  -2.8345320e-03
   3.6172458e+00
   1.0248162e+01
   1.0294099e+01
   1.0193794e+01
   1.0182624e+01
   1.0171451e+01
   1.0199254e+01
   1.0168188e+01
   1.0192396e+01
   1.0152738e+01
   1.0189117e+01
   1.0184881e+01
   1.0162276e+01
   1.0169743e+01
   1.0149127e+01
   1.0190208e+01
   1.0203614e+01
   1.0186303e+01
   1.0205068e+01
   1.0197477e+01
   1.0154555e+01
   1.0190269e+01
   1.0201466e+01
   1.0199365e+01
   1.0189031e+01
   1.0177068e+01
   1.0191588e+01
   1.0176506e+01
   1.0185479e+01
   1.0190874e+01
   1.0183154e+01
   1.0183455e+01
   1.0163253e+01
   1.0174253e+01
   1.0172255e+01
   1.0185549e+01
   1.0185932e+01
   1.0151729e+01
   1.0164707e+01
   1.0187731e+01
   1.0177735e+01
   1.0157368e+01
   1.0176934e+01
   1.0163340e+01
   1.0196949e+01
   1.0166081e+01
   1.0166237e+01
   1.0175777e+01
   1.0185832e+01
   1.0164911e+01
   1.0184632e+01
   1.0188475e+01
   1.0180821e+01
   1.0194691e+01
   1.0201263e+01
   1.0177371e+01
   1.0182834e+01
   1.0155813e+01
   9.9854539e+00
   1.0606183e+01
   1.3851746e+01
   1.0439680e+01
   6.2342756e+00
   8.4934579e+00
   9.1183446e+00
   1.2967797e+01
   9.9171561e+00
   1.0617653e+01
   9.2225028e+00
   1.2146451e+01
   8.2742247e+00
   7.9551030e+00
   1.0478441e+01
   7.9699988e+00
   9.0662915e+00
   5.6211564e+00
   6.1515036e+00
   9.2684695e+00
   6.9198862e+00
   6.1189586e+00
   5.9070637e+00
   5.7760059e+00
   5.1120534e+00
   5.3191413e+00
   4.8932743e+00
   5.2749358e+00
   6.1120875e+00
   6.2298124e+00
   6.7303347e+00
   6.8828254e+00
   7.5840018e+00
   8.2307489e+00
   1.0769709e+01
   1.0139935e+01
