   0.0000000e+00
   0.0000000e+00
   0.0000000e+00
   0.0000000e+00
   0.0000000e+00
   0.0000000e+00
   0.0000000e+00
   0.0000000e+00
   0.0000000e+00
   0.0000000e+00
   0.0000000e+00
   0.0000000e+00
   0.0000000e+00
   0.0000000e+00
   0.0000000e+00
   0.0000000e+00
   0.0000000e+00
   0.0000000e+00
   0.0000000e+00
   0.0000000e+00
   0.0000000e+00
   0.0000000e+00
   0.0000000e+00
   0.0000000e+00
   0.0000000e+00
   0.0000000e+00
   0.0000000e+00
   0.0000000e+00
   0.0000000e+00
   0.0000000e+00
   0.0000000e+00
   0.0000000e+00
   0.0000000e+00
   0.0000000e+00
   0.0000000e+00
   0.0000000e+00
   0.0000000e+00
   0.0000000e+00
   0.0000000e+00
   0.0000000e+00
   0.0000000e+00
   2.1615755e-01
   5.1879699e-01
   7.1208356e-01
   1.9602353e-01
   0.0000000e+00
   0.0000000e+00
   0.0000000e+00
   0.0000000e+00
   0.0000000e+00
   0.0000000e+00
   0.0000000e+00
   8.5947085e-02
   2.1747884e-01
   2.1747884e-01
   2.1747884e-01
   3.2488124e-01
   3.2488124e-01
   3.2488124e-01
   3.2488124e-01
   3.2488124e-01
   3.2488124e-01
   3.2488124e-01
   3.2488124e-01
   3.9667160e-01
   4.5641300e-01
   4.8727467e-01
   4.8727467e-01
   4.8727467e-01
   5.2886400e-01
   6.2148048e-01
   6.2148048e-01
   6.2148048e-01
   6.2148048e-01
   6.2148048e-01
   6.2148048e-01
   6.2148048e-01
   6.2148048e-01
   6.2148048e-01
   6.2148048e-01
   6.2148048e-01
   6.2148048e-01
   5.9933306e-01
   5.9933306e-01
   5.9933306e-01
   5.9933306e-01
   6.2283323e-01
   6.2283323e-01
   6.4432001e-01
   6.4432001e-01
   7.8255262e-01
   9.3019159e-01
   9.5570516e-01
   9.6608677e-01
   9.6608677e-01
   9.6608677e-01
   9.6608677e-01
   9.6608677e-01
   9.5853651e-01
   8.4965552e-01
   6.5570831e-01
   6.4532671e-01
   6.4532671e-01
   6.4532671e-01
   6.4532671e-01
   6.4532671e-01
   6.4532671e-01
   6.4532671e-01
   6.4532671e-01
   6.4532671e-01
   6.4532671e-01
   6.4532671e-01
   6.4532671e-01
   6.4532671e-01
   6.4532671e-01
   6.4532671e-01
   6.4532671e-01
   6.1342687e-01
   6.1342687e-01
   6.1342687e-01
   6.1342687e-01
   6.1342687e-01
   6.1342687e-01
   6.1342687e-01
   6.1342687e-01
   6.1342687e-01
   6.1342687e-01
   6.1342687e-01
   6.1342687e-01
   6.1342687e-01
   6.1342687e-01
   6.1342687e-01
   6.1342687e-01
   6.3960109e-01
   6.3960109e-01
   6.3960109e-01
   6.3960109e-01
   6.3960109e-01
   6.3960109e-01
   6.6376192e-01
   6.6376192e-01
   6.9128889e-01
   7.7585176e-01
   7.7585176e-01
   9.5636581e-01
   1.0000000e+00
   1.0000000e+00
   9.3286564e-01
   9.3286564e-01
   9.3286564e-01
   8.3288766e-01
   8.3288766e-01
   8.0334728e-01
   6.6376192e-01
   6.4161450e-01
   6.4161450e-01
   6.4161450e-01
   6.4161450e-01
   6.4161450e-01
   6.6646742e-01
   6.6646742e-01
   6.7684903e-01
   6.7684903e-01
   6.7684903e-01
   6.7684903e-01
   7.5301224e-01
   7.7918646e-01
   7.7918646e-01
   7.7918646e-01
   7.7918646e-01
   7.7918646e-01
   7.7918646e-01
   7.7918646e-01
   7.7918646e-01
   7.7918646e-01
   7.7918646e-01
   7.7918646e-01
   7.7918646e-01
   7.7918646e-01
   7.5033819e-01
   7.2819077e-01
   7.2819077e-01
   7.2819077e-01
   7.2819077e-01
   7.2819077e-01
   7.2819077e-01
   7.2819077e-01
   7.3860383e-01
   7.3860383e-01
   7.3860383e-01
   7.7047221e-01
   7.4631139e-01
   7.2281121e-01
   7.2281121e-01
   7.2281121e-01
   7.2281121e-01
   7.2281121e-01
   7.4429798e-01
   6.5907446e-01
   5.3358291e-01
   5.1209614e-01
   5.1209614e-01
   5.6243118e-01
   6.2821279e-01
   7.7918646e-01
   7.7918646e-01
   7.7918646e-01
   7.7918646e-01
   7.7918646e-01
   7.7918646e-01
   7.7918646e-01
   7.7918646e-01
   7.7918646e-01
   7.7918646e-01
   6.5102086e-01
   6.5102086e-01
   6.5102086e-01
   6.5102086e-01
   6.5102086e-01
   6.5102086e-01
   6.8726209e-01
   6.8726209e-01
   7.0871740e-01
   7.0871740e-01
   7.0871740e-01
   7.3558373e-01
   7.7182496e-01
   7.7182496e-01
   7.7182496e-01
   7.7182496e-01
   7.7182496e-01
   7.7182496e-01
   7.7182496e-01
   7.7182496e-01
   7.7182496e-01
   7.7182496e-01
   7.7182496e-01
   7.7182496e-01
   7.7182496e-01
   7.7182496e-01
   6.4966810e-01
   6.4966810e-01
   6.4966810e-01
   6.4966810e-01
   6.4966810e-01
   6.4966810e-01
   7.1611036e-01
   7.2652342e-01
   7.2652342e-01
   7.2652342e-01
   7.2652342e-01
   7.2652342e-01
   7.2652342e-01
   7.2652342e-01
   7.2652342e-01
   7.2652342e-01
   7.2652342e-01
   7.2652342e-01
   7.2652342e-01
   7.2652342e-01
   7.2652342e-01
   7.2652342e-01
   7.2652342e-01
   7.2652342e-01
   7.2652342e-01
   7.2652342e-01
   7.2652342e-01
   7.2652342e-01
   7.2652342e-01
   7.2652342e-01
   7.2652342e-01
   7.2652342e-01
   7.2652342e-01
   7.2652342e-01
   7.2652342e-01
   7.2652342e-01
   7.2652342e-01
   7.2652342e-01
   7.2652342e-01
   7.2652342e-01
   7.2652342e-01
   7.2652342e-01
   7.2652342e-01
   7.2652342e-01
   7.2652342e-01
   7.2652342e-01
   7.2652342e-01
   7.2652342e-01
   7.2652342e-01
   7.2652342e-01
   7.6443200e-01
   7.6443200e-01
   7.6443200e-01
   7.6443200e-01
   7.6443200e-01
   7.6443200e-01
   7.6443200e-01
   7.6443200e-01
   7.6443200e-01
   7.6443200e-01
   7.6443200e-01
   7.6443200e-01
   7.6443200e-01
   7.6443200e-01
   6.9261019e-01
   6.6914147e-01
   6.6914147e-01
   6.6914147e-01
   6.6914147e-01
   6.6914147e-01
   6.6914147e-01
   6.9059678e-01
   7.1544971e-01
   7.3891843e-01
   7.3891843e-01
   7.3891843e-01
   7.3891843e-01
   7.3891843e-01
   7.3891843e-01
   7.3891843e-01
   7.3891843e-01
   7.3891843e-01
   7.3891843e-01
   7.3891843e-01
   7.3891843e-01
   7.3891843e-01
   7.3891843e-01
   7.3891843e-01
   7.3891843e-01
   7.3891843e-01
   7.3891843e-01
   7.3891843e-01
   7.3891843e-01
   7.3891843e-01
   7.3891843e-01
   7.3891843e-01
   7.3891843e-01
   7.3891843e-01
   7.3891843e-01
   7.3891843e-01
   7.3891843e-01
   7.3891843e-01
   7.3891843e-01
   7.3891843e-01
   7.3891843e-01
   7.3891843e-01
   7.3891843e-01
   7.3891843e-01
   7.3891843e-01
   7.3891843e-01
   7.3891843e-01
   7.3891843e-01
   7.3891843e-01
   7.3891843e-01
   7.3891843e-01
   7.3891843e-01
   7.3891843e-01
   7.3891843e-01
   7.3891843e-01
   7.3891843e-01
   7.3891843e-01
   7.3891843e-01
   7.3891843e-01
   7.3891843e-01
   7.3891843e-01
   7.3891843e-01
   7.3891843e-01
   7.3891843e-01
   7.3891843e-01
   7.3891843e-01
   7.3891843e-01
   7.3891843e-01
   7.3891843e-01
   7.3891843e-01
   7.3891843e-01
   7.3891843e-01
   7.3891843e-01
   7.3891843e-01
   7.3891843e-01
   7.3891843e-01
   7.3891843e-01
   7.3891843e-01
   7.3891843e-01
   7.3891843e-01
   7.3891843e-01
   7.3891843e-01
   7.3891843e-01
   7.3891843e-01
   7.3891843e-01
   7.3891843e-01
   7.3891843e-01
   7.3891843e-01
   7.3891843e-01
   7.3891843e-01
   7.3891843e-01
   7.3891843e-01
   7.3891843e-01
   7.3891843e-01
   7.3891843e-01
   7.3891843e-01
   7.3891843e-01
   7.3891843e-01
   7.3891843e-01
   7.3891843e-01
   7.3891843e-01
   7.3891843e-01
   7.1746311e-01
   7.1746311e-01
   7.1746311e-01
   7.0705005e-01
   7.0705005e-01
   7.0705005e-01
   7.0705005e-01
   7.0705005e-01
   7.0705005e-01
   7.0705005e-01
   7.0705005e-01
   7.0705005e-01
   7.0705005e-01
   7.0705005e-01
   7.0705005e-01
   7.0705005e-01
   7.0705005e-01
   7.0705005e-01
   7.0705005e-01
   7.0705005e-01
   7.0705005e-01
   7.0705005e-01
   7.0705005e-01
   7.0705005e-01
   7.0705005e-01
   7.0705005e-01
   7.0705005e-01
   7.0705005e-01
   7.0705005e-01
   7.0705005e-01
   7.0705005e-01
   6.7382892e-01
   6.4900746e-01
   6.4900746e-01
   6.4900746e-01
   6.4900746e-01
   6.4900746e-01
   6.4900746e-01
   6.4900746e-01
   6.4900746e-01
   1.2489382e-01
   0.0000000e+00
   0.0000000e+00
   0.0000000e+00
   0.0000000e+00
   0.0000000e+00
   0.0000000e+00
   0.0000000e+00
   0.0000000e+00
   0.0000000e+00
   0.0000000e+00
   0.0000000e+00
   0.0000000e+00
   0.0000000e+00
   0.0000000e+00
   0.0000000e+00
   0.0000000e+00
   0.0000000e+00
   0.0000000e+00
   0.0000000e+00
   0.0000000e+00
   0.0000000e+00
   0.0000000e+00
   0.0000000e+00
   0.0000000e+00
   0.0000000e+00
   0.0000000e+00
   0.0000000e+00
   0.0000000e+00
   0.0000000e+00
   0.0000000e+00
   0.0000000e+00
   0.0000000e+00
   0.0000000e+00
   0.0000000e+00
   0.0000000e+00
   0.0000000e+00
   0.0000000e+00
   0.0000000e+00
   0.0000000e+00
   0.0000000e+00
   0.0000000e+00
   0.0000000e+00
   0.0000000e+00
   0.0000000e+00
   0.0000000e+00
   0.0000000e+00
   0.0000000e+00
   0.0000000e+00
   0.0000000e+00
   0.0000000e+00
   0.0000000e+00
   0.0000000e+00
   0.0000000e+00
   0.0000000e+00
   0.0000000e+00
   0.0000000e+00
   0.0000000e+00
   0.0000000e+00
   0.0000000e+00
   0.0000000e+00
   0.0000000e+00
   0.0000000e+00
   0.0000000e+00
   0.0000000e+00
   0.0000000e+00
   0.0000000e+00
   0.0000000e+00
   0.0000000e+00
   0.0000000e+00
   0.0000000e+00
