   9.8275931e+00
   9.7919537e+00
   9.8215307e+00
   9.8001732e+00
   9.8371603e+00
   9.7990932e+00
   9.8244648e+00
   9.8355874e+00
   9.8170693e+00
   9.7948773e+00
   9.8173698e+00
   9.8102327e+00
   9.7971864e+00
   9.8199987e+00
   9.8170599e+00
   9.7992113e+00
   9.8186480e+00
   9.8190071e+00
   9.8259114e+00
   9.7986552e+00
   9.8221318e+00
   9.8243467e+00
   9.8195345e+00
   9.7823134e+00
   9.8293321e+00
   9.8114314e+00
   9.8035663e+00
   9.8108958e+00
   9.8166424e+00
   9.7884840e+00
   9.8178937e+00
   9.8135563e+00
   9.7989002e+00
   9.8217506e+00
   9.8327878e+00
   9.8285357e+00
   9.8223166e+00
   9.8119483e+00
   9.8291298e+00
   9.8133785e+00
   9.8133236e+00
   9.8249513e+00
   9.8025664e+00
   9.8004147e+00
   9.8149257e+00
   9.8126815e+00
   9.8203426e+00
   9.8114068e+00
   9.8059818e+00
   9.8112396e+00
   9.7945248e+00
   9.8034856e+00
   9.8032669e+00
   9.8039060e+00
   9.8252074e+00
   9.8038821e+00
   9.7986418e+00
   9.8507984e+00
   9.8091598e+00
   9.8174950e+00
   9.7860416e+00
   9.8171909e+00
   9.8095591e+00
   9.8031705e+00
   9.8090937e+00
   9.8171009e+00
   9.8108853e+00
   9.8200268e+00
   9.8299905e+00
   9.8104257e+00
   9.8139855e+00
   9.8069150e+00
   9.8067203e+00
   9.8140825e+00
   9.8047305e+00
   9.7976805e+00
   9.7985184e+00
   9.8008737e+00
   9.8416264e+00
   9.7973297e+00
   9.8013654e+00
   9.8276820e+00
   9.8261956e+00
   9.7937629e+00
   9.8502277e+00
   9.7950487e+00
   9.7877970e+00
   9.8298408e+00
   9.8329269e+00
   9.8270072e+00
   9.8147889e+00
   9.7922017e+00
   9.8156110e+00
   9.8046779e+00
   9.8026898e+00
   9.8342776e+00
   9.8168787e+00
   9.7942277e+00
   9.8052842e+00
   9.8088060e+00
   9.8044586e+00
   9.8044586e+00
   9.8124851e+00
   9.7909720e+00
   9.8141363e+00
   9.8148707e+00
   9.8314160e+00
   9.8223774e+00
   9.8164109e+00
   9.8185194e+00
   9.8017513e+00
   9.8028518e+00
   9.8194456e+00
   9.8094866e+00
   9.8089580e+00
   9.7993399e+00
   9.8095404e+00
   9.8183101e+00
   9.8041931e+00
   9.8280246e+00
   9.8197426e+00
   9.7996943e+00
   9.8175897e+00
   9.8099719e+00
   9.7778082e+00
   9.8182235e+00
   9.8030734e+00
   9.8092212e+00
   9.8315762e+00
   9.7946937e+00
   9.8115612e+00
   9.8002995e+00
   9.8046627e+00
   9.7944575e+00
   9.8021092e+00
   9.8092276e+00
   9.8195438e+00
   9.8151420e+00
   9.8107134e+00
   9.8204759e+00
   9.8165524e+00
   9.8437034e+00
   9.8084932e+00
   9.7860364e+00
   9.8092048e+00
   9.8172751e+00
   9.8063133e+00
   9.8355500e+00
   9.8024232e+00
   9.7938301e+00
   9.8207554e+00
   9.8153748e+00
   9.8284456e+00
   9.8125377e+00
   9.8288608e+00
   9.8061578e+00
   9.8003018e+00
   9.8248320e+00
   9.8020250e+00
   9.8259360e+00
   9.8339479e+00
   9.8276212e+00
   9.7975519e+00
   9.8074372e+00
   9.8304091e+00
   9.8084137e+00
   9.8149865e+00
   9.8387660e+00
   9.8091755e+00
   9.8185089e+00
   9.7963199e+00
   9.8209951e+00
   9.8045077e+00
   9.7944447e+00
   9.8126909e+00
   9.8080570e+00
   9.8188539e+00
   9.8236170e+00
   9.8324615e+00
   9.7972174e+00
   9.7946587e+00
   9.8002463e+00
   9.8151315e+00
   9.8178130e+00
   9.7911176e+00
   9.8119495e+00
   9.7959445e+00
   9.8098199e+00
   9.8230451e+00
   9.8082096e+00
   9.8185393e+00
   9.8281088e+00
   9.8165992e+00
   9.8294408e+00
   9.8090083e+00
   9.8141936e+00
   9.8294853e+00
   9.8290619e+00
   9.8068396e+00
   9.7453871e+00
   9.7787455e+00
   1.0006424e+01
   9.8019665e+00
   9.8933181e+00
   9.6970622e+00
   9.7812604e+00
   1.0067985e+01
   9.8875937e+00
   9.9826121e+00
   9.9019217e+00
   9.7613892e+00
   9.7652711e+00
   9.7653314e+00
   9.8268259e+00
   9.7436160e+00
   9.7802616e+00
   9.8694147e+00
   9.8529560e+00
   9.8501680e+00
   9.7794173e+00
   9.8309611e+00
   9.8161267e+00
   9.8189743e+00
   9.8131341e+00
   9.8118232e+00
   9.8184598e+00
   9.8189603e+00
   9.8056964e+00
   9.8175230e+00
   9.8258962e+00
   9.8077997e+00
   9.8128301e+00
   9.8021601e+00
   9.8051608e+00
   9.8152520e+00
   9.8175733e+00
   9.8275054e+00
   9.8359137e+00
   9.7919853e+00
   9.8435829e+00
   9.7883700e+00
   1.0196083e+01
   1.0162635e+01
   9.6069724e+00
   1.0201555e+01
   9.7916386e+00
   9.6911431e+00
   9.6896204e+00
   1.0140802e+01
   1.0036943e+01
   1.0616970e+01
   1.0672660e+01
   9.7186104e+00
   9.3262330e+00
   9.2630590e+00
   9.4604301e+00
   9.0393411e+00
   9.4695810e+00
   8.7709112e+00
   9.4018053e+00
   8.9999963e+00
   1.0206458e+01
   1.0072667e+01
   1.0505944e+01
   1.0428144e+01
   9.6764794e+00
   9.4432568e+00
   9.3590966e+00
   9.2696366e+00
   8.7904555e+00
   8.9299753e+00
   1.0098367e+01
   1.0474744e+01
   1.0320275e+01
   1.0072131e+01
   9.3676722e+00
   9.3038095e+00
   9.4495116e+00
   9.2512892e+00
   9.5188426e+00
   9.8823991e+00
   9.5175480e+00
   1.0098938e+01
   1.0302840e+01
   9.3315434e+00
   9.6766005e+00
   9.6569088e+00
   9.2273437e+00
   1.0406529e+01
   9.8290268e+00
   1.0719222e+01
   1.0753263e+01
   1.0327079e+01
   1.0886985e+01
   1.0631392e+01
   1.0574523e+01
   1.0784022e+01
   1.0192548e+01
   1.0006754e+01
   9.8924820e+00
   9.7833303e+00
   9.7923899e+00
   9.7954995e+00
   1.0006662e+01
   9.5662717e+00
   9.7252434e+00
   9.8766957e+00
   9.2064416e+00
   7.7847590e+00
   6.4895422e+00
   4.4150820e+00
   3.8229572e+00
   3.2754205e+00
   2.2621791e+00
   1.8538895e+00
   1.5351887e+00
  -4.3340706e+00
   1.2693799e+00
   3.5627164e+00
   1.9903084e+00
   1.3607291e+01
   1.2544956e+01
   9.9276869e+00
   9.7472974e+00
   9.7065990e+00
   9.7845827e+00
   9.8608790e+00
   9.7848763e+00
   9.8177476e+00
   9.7767568e+00
   9.8269078e+00
   9.8024647e+00
   9.7653588e+00
   9.8035938e+00
   9.7797342e+00
   9.7871766e+00
   9.8315084e+00
   9.8288970e+00
   9.8056450e+00
   9.8025512e+00
   9.8013473e+00
   9.8358248e+00
   9.8094860e+00
   9.7892529e+00
   9.8129622e+00
   9.7998358e+00
   9.8050018e+00
   9.8095808e+00
   9.8251712e+00
   9.7224438e+00
   9.7596210e+00
   9.7389534e+00
   9.7675586e+00
   9.7758903e+00
   9.7866994e+00
   9.7854516e+00
   9.7090876e+00
   9.4613826e+00
   1.0064390e+01
   9.6657164e+00
   9.9418021e+00
   9.9670258e+00
   9.8575987e+00
   9.3143309e+00
   9.2083718e+00
   9.9271303e+00
   9.7805107e+00
   9.8053977e+00
   9.9237856e+00
   9.6968254e+00
   9.3337548e+00
   9.6852011e+00
   1.0285939e+01
   1.0338466e+01
   1.0055844e+01
   9.8870125e+00
   1.0030862e+01
   1.0463367e+01
   1.0470686e+01
   9.9116211e+00
   9.8879843e+00
   9.3164283e+00
   8.9059778e+00
   9.3393167e+00
   9.8202888e+00
   9.5606081e+00
   9.1250636e+00
   9.3768745e+00
   9.9094962e+00
   1.0975035e+01
   1.1010279e+01
   1.0003901e+01
   1.0760839e+01
   9.0403930e+00
   8.8740274e+00
   8.7467704e+00
   8.9149340e+00
   8.8567875e+00
   9.0123082e+00
   8.9824518e+00
   9.2025848e+00
   2.5005148e+01
   9.8121307e+00
   9.4095464e+00
   9.1990987e+00
   9.6473117e+00
   9.2525475e+00
   9.2760106e+00
   8.8507017e+00
   1.4842578e+01
   1.1082298e+01
   9.5964205e+00
   1.0298281e+01
   1.1468149e+01
   1.2309602e+01
   1.2403658e+01
   1.2132243e+01
   1.1595799e+01
   1.1482507e+01
   1.1369020e+01
   1.1551908e+01
   1.1370134e+01
   1.1400549e+01
   1.1650777e+01
   1.1337895e+01
   1.1502703e+01
   1.1414137e+01
   1.1481800e+01
   1.1703578e+01
   1.1472361e+01
   1.1500209e+01
   1.1472022e+01
   1.1430263e+01
   1.1457826e+01
   1.1425445e+01
   1.1428671e+01
   1.1261461e+01
   1.1387264e+01
   1.1330848e+01
   1.1274491e+01
   1.0595784e+01
   9.6935474e+00
   8.3448784e+00
   7.7978936e+00
   7.4801003e+00
   7.2635990e+00
   7.0273925e+00
   7.1504127e+00
   7.0063922e+00
   7.3202872e+00
   7.2747982e+00
   7.3430632e+00
   7.6422284e+00
   8.2182236e+00
   9.6833873e+00
   1.0615225e+01
   1.1002689e+01
   1.0247803e+01
   9.6915570e+00
   9.4279950e+00
   9.4995649e+00
   9.1267090e+00
   9.3180445e+00
   9.1375948e+00
   9.2090524e+00
   8.9640658e+00
   8.8723984e+00
   8.6828124e+00
   8.7682484e+00
   8.3813890e+00
   8.6557286e+00
   8.6296273e+00
   8.4961540e+00
   8.6924714e+00
   8.9530853e+00
   8.4577337e+00
   8.6327935e+00
   9.3592843e+00
   1.0140989e+01
   1.0894398e+01
   1.1147444e+01
   1.0447281e+01
   1.0227353e+01
   1.0117636e+01
   1.0314560e+01
   1.0242807e+01
   1.0153831e+01
   9.7893342e+00
   9.5716681e+00
   9.2959274e+00
   8.8534815e+00
   8.6482115e+00
   8.6482115e+00
   8.6482115e+00
   8.4783276e+00
   8.2281422e+00
   8.1622798e+00
   7.8655798e+00
   7.4448042e+00
   7.3687851e+00
   7.1390083e+00
   7.1390083e+00
   7.2390038e+00
   6.7276350e+00
   7.3967529e+00
   9.3317866e+00
   1.1010715e+01
   1.1376385e+01
   1.1959795e+01
   1.1925058e+01
   1.2541796e+01
   1.2404094e+01
   1.2709606e+01
   1.2245316e+01
   1.2346598e+01
   1.2325756e+01
   1.2502015e+01
   1.2489993e+01
   1.2392616e+01
   1.2433850e+01
   1.2472310e+01
   1.2424828e+01
   1.2375206e+01
   1.2369076e+01
   1.2104896e+01
   1.1947784e+01
   1.1947784e+01
   1.2006433e+01
   1.1101674e+01
   9.9204387e+00
   8.7218168e+00
   8.1972958e+00
   7.8384727e+00
   7.7534658e+00
   7.2984729e+00
   6.6350204e+00
   6.3745977e+00
   6.2436937e+00
   5.8799180e+00
   6.2057698e+00
   5.6216160e+00
   5.5654436e+00
   5.8436032e+00
   5.7433001e+00
   5.5736513e+00
   6.0254797e+00
   6.9766229e+00
   8.9606756e+00
   1.0063517e+01
   1.1198908e+01
   1.1755864e+01
   1.2005439e+01
   1.2236331e+01
   1.2510307e+01
   1.2313392e+01
   1.2498294e+01
   1.2553351e+01
   1.2327413e+01
   1.2265172e+01
   1.2095812e+01
   1.2313646e+01
   1.2100313e+01
   1.1757995e+01
   1.1331881e+01
   1.0565268e+01
   1.0192340e+01
   9.9074743e+00
   9.9232255e+00
   9.7028053e+00
   9.9025497e+00
   1.0198856e+01
   9.8494254e+00
   9.9445210e+00
   1.0839855e+01
   1.1456031e+01
   1.1676535e+01
   1.1828930e+01
   1.1838629e+01
   1.1960321e+01
   1.1742090e+01
   1.1802231e+01
   1.1784982e+01
   1.1492991e+01
   1.1627798e+01
   1.1546968e+01
   1.1351075e+01
   1.0703988e+01
   1.0155034e+01
   9.9747371e+00
   9.5193899e+00
   8.4000662e+00
   8.0111240e+00
   6.4497005e+00
   5.4490027e+00
   4.0262012e+00
   3.0628438e+00
   3.4839395e+00
   2.7184004e+00
   1.9540480e+00
   2.8077239e+00
   4.0353734e+00
   7.1190581e+00
   9.2827443e+00
   1.0543387e+01
   1.1177429e+01
   1.1530178e+01
   1.2141838e+01
   1.2149459e+01
   1.2249113e+01
   1.2222052e+01
   1.2300757e+01
   1.2056396e+01
   1.2089641e+01
   1.1913199e+01
   1.1882203e+01
   1.1369410e+01
   1.0782031e+01
   1.0357733e+01
   1.0240540e+01
   9.9631421e+00
   9.9461325e+00
   1.0198379e+01
   1.0478435e+01
   1.0078098e+01
   1.0177917e+01
   1.0175639e+01
   1.0331788e+01
   1.0027844e+01
   1.0305125e+01
   1.0046612e+01
   1.0314101e+01
   1.0071337e+01
   1.0212734e+01
   1.0092411e+01
   1.0389180e+01
   1.0219147e+01
   1.0209180e+01
   1.0270225e+01
   1.0367366e+01
   1.0312756e+01
   1.0057487e+01
   1.0732926e+01
   1.1414089e+01
   1.1835197e+01
   1.1894432e+01
   1.1730964e+01
   1.2079433e+01
   1.2026151e+01
   1.2099392e+01
   1.1819748e+01
   1.1873036e+01
   1.1953610e+01
   1.1887201e+01
   1.1899887e+01
   1.1728439e+01
   1.1812101e+01
   1.1606920e+01
   1.1512734e+01
   1.1428094e+01
   1.1386671e+01
   1.1043847e+01
   9.3358797e+00
   7.7244724e+00
   6.6663381e+00
   6.0345072e+00
   5.4596680e+00
   4.5446648e+00
   5.5631398e+00
   5.2771262e+00
   5.1186608e+00
   5.0158492e+00
   5.0746084e+00
   4.6061976e+00
   6.2009669e+00
   7.8851317e+00
   9.4038126e+00
   9.4038126e+00
   7.6767726e+00
   5.7971231e+00
   6.0928718e+00
   6.4365548e+00
   6.7779427e+00
   6.9854417e+00
   6.2000168e+00
   6.1888831e+00
   4.8224028e+00
   5.0684004e+00
   6.7341231e+00
   8.6230369e+00
   9.9427973e+00
   1.1152352e+01
   1.1779043e+01
   1.2065477e+01
   1.1449501e+01
   1.1638008e+01
   1.2167976e+01
   1.1602707e+01
   1.1184174e+01
   1.0571229e+01
   1.0114953e+01
   1.0088378e+01
   1.0788098e+01
   1.0653027e+01
   9.6896579e+00
   7.6624329e+00
   6.2445451e+00
   5.4472573e+00
   5.3212048e+00
   6.5656198e+00
   7.6766668e+00
   7.5223927e+00
   7.8722760e+00
   7.9591329e+00
   7.9859225e+00
   5.5763483e+01
   4.7332620e+00
   9.0633696e+00
   6.7922666e+00
   4.4550705e+00
   3.2683164e+00
   3.1316883e+00
   2.4875587e+00
   1.5847625e+00
   1.7689137e+00
   1.3256984e+00
   1.1202178e+00
   2.0195043e+01
   6.3017542e+00
   7.2873556e-01
   5.7533708e+00
   2.3239763e+00
   5.0002950e+00
   1.3851169e+01
   9.8378620e+00
   9.9062031e+00
   9.7916310e+00
   9.9604114e+00
   9.6470007e+00
   9.8427760e+00
   9.8196245e+00
   9.7780701e+00
   9.8483191e+00
   9.8309553e+00
   9.8190035e+00
   9.8175955e+00
   9.8128850e+00
   9.8310500e+00
   9.8028190e+00
   9.8110806e+00
   9.8351921e+00
   9.8161384e+00
   9.8206150e+00
   9.8472012e+00
   9.8137223e+00
   9.8328076e+00
   9.8261138e+00
   9.8198572e+00
   9.8165641e+00
   9.8286573e+00
   9.8240298e+00
   9.8410896e+00
   9.8193707e+00
   9.8079845e+00
   9.7969391e+00
   9.8184106e+00
   9.8275288e+00
   9.8196959e+00
   9.8199835e+00
   9.8126090e+00
   9.8155151e+00
   9.8029208e+00
   9.8014923e+00
   9.8086125e+00
   9.8357698e+00
   9.8092568e+00
   9.8075553e+00
   9.8245666e+00
   9.8109133e+00
   9.8196257e+00
   9.8149830e+00
   9.8390431e+00
   9.8192877e+00
   9.8081336e+00
   9.8191404e+00
   9.7978243e+00
   9.8098573e+00
   9.8223856e+00
   9.7994949e+00
   9.8164202e+00
   9.8219739e+00
   9.8127166e+00
   9.8323399e+00
   9.8177546e+00
   9.8064981e+00
   9.8420310e+00
   9.8045136e+00
   9.7977197e+00
   9.8120676e+00
   9.8269873e+00
   9.8080956e+00
   9.8339724e+00
   9.8035762e+00
   9.7932600e+00
   9.8112501e+00
   9.8079500e+00
   9.8195275e+00
   9.8187954e+00
   9.8109718e+00
   9.7855727e+00
   9.8101520e+00
   9.8060426e+00
   9.8317820e+00
   9.8347934e+00
   9.8297601e+00
   9.8095363e+00
   9.8200560e+00
   9.8257629e+00
   9.7968695e+00
   9.8391846e+00
   9.8187521e+00
   9.8281439e+00
   9.8198806e+00
   9.7885881e+00
   9.8189158e+00
   9.8263114e+00
   9.8080049e+00
   9.8106011e+00
   9.8297332e+00
   9.7967192e+00
   9.8188948e+00
   9.8121728e+00
   9.8157759e+00
   9.8217400e+00
   9.8356412e+00
   9.8201402e+00
   9.8223961e+00
   9.8137539e+00
   9.8301308e+00
   9.8312616e+00
   9.8328954e+00
   9.8085072e+00
   9.8157981e+00
   9.8013923e+00
   9.7820246e+00
   9.8160647e+00
   9.7987763e+00
   9.8406593e+00
   9.8223107e+00
   9.8159548e+00
   9.8328883e+00
   9.8066706e+00
   9.8069156e+00
   9.8325106e+00
   9.8143000e+00
   9.8314862e+00
   9.8061174e+00
   9.8095924e+00
   9.8131657e+00
   9.8117074e+00
   9.8184457e+00
   9.8406417e+00
   9.8071185e+00
   9.8223131e+00
   9.8116875e+00
   9.8206934e+00
   9.8092083e+00
   9.8088393e+00
   9.8217354e+00
   9.8127657e+00
   9.8284526e+00
   9.8177546e+00
   9.8204642e+00
   9.8205706e+00
   9.8074167e+00
   9.7934191e+00
   9.8180142e+00
   9.8114981e+00
   9.8358014e+00
   9.8246987e+00
   9.8057011e+00
   9.8055970e+00
   9.8270376e+00
   9.8155829e+00
