   2.2245147e-02
  -2.4325587e-02
  -2.6537004e-02
   1.8383646e-03
   2.8335607e-03
  -3.7831485e-04
   3.5936987e-03
   6.7254674e-03
  -1.2491992e-02
  -8.7883651e-03
  -6.3325346e-04
   3.2732713e-03
   1.4035656e-02
   5.9290767e-03
  -2.0738320e-02
   1.2270967e-02
  -1.3258561e-02
   1.8074913e-02
  -4.1731578e-03
   1.0374130e-02
  -1.4208734e-03
  -9.6508294e-03
  -8.4843099e-03
   1.2234714e-02
  -2.1424198e-02
   1.6835303e-02
  -8.1621283e-03
   2.7996469e-03
   2.2769058e-02
  -3.0179234e-02
  -3.2276630e-04
   7.9311633e-03
   1.3693010e-02
   5.8518934e-03
   4.5959115e-04
  -9.1257495e-03
   1.8701735e-02
   2.9482831e-02
  -9.7139794e-03
   3.0697882e-03
  -2.4901537e-02
   4.1304731e-03
   6.5395260e-03
   4.5374393e-02
   1.3850300e-01
  -3.7532108e-02
  -2.4565732e-01
   9.6538700e-02
   4.7702755e-02
  -7.8238669e-02
  -4.4237110e-02
   1.5306841e-02
   5.7157702e-02
   1.4495949e-01
   1.8489247e-01
   1.2898490e-01
   6.5385904e-02
  -2.3558432e-03
  -6.6281698e-02
   3.4381628e-04
  -3.5083294e-02
  -6.9989417e-02
  -9.0250604e-02
   3.3544307e-02
  -8.1486213e-02
  -9.1154584e-02
  -1.5740705e-01
   9.3580243e-01
  -5.3900862e-01
   1.9764291e-01
   2.5998709e-01
  -3.3537349e-01
   1.8204721e-01
  -5.3826778e-01
  -7.4371379e-01
  -4.8345948e-02
   1.1082473e+00
   1.1818158e-01
   4.2461778e-01
  -4.8715609e-01
  -1.6752039e-01
   1.8337453e-01
   5.0446268e-02
   6.9894575e-01
   3.1386801e-01
   2.2439392e-01
   5.6530647e-01
   1.1095887e+00
   1.1095887e+00
  -4.1093238e-01
   1.2617905e+00
   2.0261117e+00
   1.7581209e+00
   2.8861085e+00
   3.7180234e+00
   3.6460407e+00
   4.0590167e+00
   3.6552220e+00
   3.3340297e+00
   3.5388483e+00
   3.0217147e+00
   1.7668251e+00
  -5.4580835e-02
  -5.3319999e-01
  -1.5016153e+00
  -1.4713296e+00
  -9.6116005e-01
  -1.1339511e+00
  -2.2723099e-01
  -1.4829931e+00
  -1.7778371e+00
  -6.0184981e-01
  -2.0666189e+00
   1.3317969e-01
  -1.3581971e+00
  -1.5255298e+00
  -1.3621703e+00
  -6.7573991e-01
  -6.6712228e-01
  -1.5499945e+00
  -1.2215635e+00
  -1.2060315e+00
  -1.1874719e+00
   5.1372935e-01
   7.7026073e-01
  -7.8788190e-01
  -9.0623247e-01
  -1.1783151e+00
  -5.0967314e-01
  -9.4666304e-01
  -1.8941640e+00
  -2.0314724e+00
  -9.9203276e-01
  -1.7095686e+00
  -1.1839360e+00
  -4.1803440e-01
  -9.6856496e-01
  -1.9849859e+00
  -7.1462857e-01
  -4.0555060e-01
  -1.2421234e+00
  -1.8474161e-01
  -1.2136188e+00
  -4.5583256e-01
   6.5092140e-01
   1.2866015e+00
   2.3894249e+00
   3.8811619e+00
   3.8825044e+00
   3.9831116e+00
   3.7516566e+00
   3.0783216e+00
   2.4616065e+00
   2.1404399e+00
   1.3275869e+00
   7.3451203e-01
   2.1386542e-01
  -2.0861076e+00
  -1.2666472e-01
  -8.3368431e-01
  -1.3883646e+00
   7.7599568e-02
   1.5988510e-01
  -1.3519482e+00
  -6.3512047e-01
  -3.8094376e-01
  -8.3563611e-01
  -3.5384659e-01
   8.1297348e-01
   1.0128430e+00
   1.0652598e+00
   6.6416418e-01
   1.2077167e+00
   9.4209052e-01
   1.1461127e+00
   7.4094981e-01
   9.1784329e-01
   1.3510845e+00
   1.7233534e+00
   1.6894173e+00
   2.8237725e-01
   4.8181057e-04
  -3.1545319e-01
  -3.1072981e-01
   3.6114158e-01
   2.1701941e-01
  -5.5574276e-02
  -1.1133566e-01
  -2.5893225e-01
  -2.6172780e-01
  -1.0216898e-01
   7.4317526e-01
   5.5423886e-01
   7.9802215e-01
  -4.8773848e-01
  -4.8773848e-01
   4.2099368e-01
  -7.3668427e-01
   2.8324380e-01
  -3.1932931e-01
  -9.7125468e-01
  -1.8291441e+00
  -1.9914318e+00
  -2.4924365e+00
  -2.4606311e+00
  -1.5663369e+00
  -5.4287889e-02
  -8.4933731e-02
   8.4554597e-01
   1.3604962e+00
   9.6725577e-01
   1.3004722e+00
   1.3250516e+00
   1.1120714e+00
   1.0786791e+00
   8.2533098e-01
   8.2946847e-01
  -8.5472961e-01
  -8.5942142e-01
  -1.6582224e+00
  -5.8330712e-01
  -3.6582111e-01
  -6.0870801e-01
  -3.2307445e-01
  -7.2275562e-01
   2.3552702e-01
   9.3126850e-01
   7.7215757e-01
   6.8110824e-01
   6.1936281e-01
   6.7518501e-01
   1.0591728e+00
   1.1046443e+00
   1.0053001e+00
   3.3742644e-01
   8.2476848e-01
   7.8804446e-01
   1.0627876e+00
   1.1029088e+00
   1.2971346e+00
   2.9710054e-01
   2.0318490e-01
   1.0565240e+00
   2.0980511e-01
  -6.5247559e-01
  -4.7045118e-01
  -1.4948062e+00
  -1.9084259e-01
  -1.0279750e+00
  -2.3497445e-01
   9.0231893e-02
  -8.0684618e-01
   3.2488300e-02
   5.7897024e-01
   7.9005356e-01
   7.9005356e-01
   7.9005356e-01
   7.9005356e-01
   7.9005356e-01
  -6.1354015e-01
  -1.1982407e-01
   4.6377659e-01
   3.7809266e-01
   2.6038470e-01
   1.1266029e+00
   4.6868123e-01
  -1.9918716e-01
  -1.9439829e-01
   3.1139815e-01
  -4.9965042e-01
   4.3552050e-01
   1.0515457e+00
   3.0070359e-01
   6.6050616e-01
   1.1316198e+00
   6.6823852e-01
  -7.4188303e-01
   1.1508256e-01
  -1.6269000e-01
   1.8318157e-01
   1.5666059e+00
   3.9082906e-01
  -2.8549147e-01
   3.9586936e-01
   5.5829449e-01
  -5.4249180e-01
   6.3015794e-01
   5.7221320e-01
  -1.7937153e-01
   8.3677866e-01
   9.0529049e-01
   1.2414949e+00
   5.8090216e-01
   2.1643118e-01
  -1.8797629e-02
   8.5546402e-01
   1.1054033e+00
   9.1849116e-01
   4.4711436e-01
   1.7157695e+00
   1.3934055e+00
   1.7731214e-01
   7.1468529e-01
   9.4424698e-01
   5.6532635e-01
  -1.7080185e-01
   8.2979007e-02
  -1.0509628e+00
   4.3857977e-01
  -9.0496480e-01
  -1.1740338e+00
  -2.3404358e-01
  -1.7548781e-01
  -2.7005482e-01
  -6.3983800e-01
   2.7751470e-01
   4.1579667e-01
   3.7834409e-01
   4.7287252e-01
   4.3470072e-01
   1.0632460e-01
   2.4227821e-01
   4.0338070e-01
   1.6735082e-01
   1.7533929e-01
  -5.0616656e-01
  -2.0404268e-01
  -2.4398794e-01
   6.7865124e-02
   6.3715940e-02
   3.2695642e-01
  -3.6148657e-01
   3.2525137e-01
   4.1174572e-01
   3.3042616e-01
   1.9949180e-01
   2.9834365e-01
   6.3913575e-02
  -1.5084238e-01
  -9.9460612e-01
   3.1802889e-01
   3.5162348e-01
   9.0019054e-02
  -5.5386581e-02
  -1.7964401e-02
   5.2240194e-02
   1.0048440e+00
  -9.7286559e-02
   2.1745327e-01
   4.9444289e-01
  -4.3665018e-01
   6.1346531e-01
   6.9182268e-01
   2.0868128e-01
   1.0634752e+00
   4.2325655e-01
   6.6091079e-02
   7.8692764e-01
   1.0388081e+00
  -7.0707455e-02
   3.2778088e-01
  -2.8194514e-01
   4.7469334e-01
   5.8907774e-01
   4.8878513e-01
   2.0349480e-01
   5.4313032e-01
  -1.6107033e-01
  -2.3053232e-02
  -1.5222349e-01
   6.8537554e-02
   3.8053446e-01
  -2.8281813e-02
  -2.9240171e-02
   4.2272679e-01
  -1.1530826e-01
  -1.3266046e-01
   5.0023164e-01
   8.0167081e-01
   4.9862015e-01
   5.4667958e-01
   4.8555279e-02
   9.0213884e-01
   6.3399488e-01
   3.8675940e-01
   3.7433875e-02
   9.6309957e-01
   1.3431838e+00
   1.7006978e-01
   1.7908852e-02
  -1.1337049e-01
  -1.1337049e-01
  -1.1337049e-01
  -1.5294679e-01
   2.8608555e-01
   4.5926721e-01
   7.4912773e-01
   1.0560305e-01
   1.6749466e-01
  -2.8686791e-01
   1.1224549e-01
   5.7317214e-01
   1.5633233e-01
   2.1434255e-01
   8.3443860e-01
   6.2415285e-01
   2.7563424e-01
   5.3909340e-01
  -5.1397610e-01
   3.7671973e-01
  -4.7015356e-01
  -1.1835963e+00
   3.0978315e-01
  -6.5513315e-01
  -3.0368099e-01
  -4.9018963e-02
  -2.0151902e-01
   4.3098189e-01
  -4.3361139e-01
   2.9616264e-01
  -5.4219944e-01
  -2.4200047e-01
  -1.6011898e-01
   6.0349697e-01
  -2.9927336e-01
  -7.9732048e-01
  -4.3348509e-01
  -4.4782187e-01
  -5.9360875e-01
  -4.8088729e-01
  -1.2037230e+00
  -2.2035349e-01
  -1.9355395e-01
  -3.9940459e-01
  -5.6280620e-02
   1.2202905e-01
  -1.2025501e-01
   3.8839896e-01
   3.8655241e-01
   1.2150877e+00
  -1.3272858e+00
   2.0054663e-01
  -7.0988472e-01
   1.4051086e+01
  -6.8437449e-01
  -5.2848889e-01
  -4.0442852e-01
  -1.2325703e+00
  -1.0464364e+00
   7.2250746e+00
  -2.6433397e+00
   2.5856785e+00
  -1.3090741e+00
  -4.6114651e-02
   7.9364258e-02
   2.4255537e-01
   4.1455356e-01
   2.4685541e-01
   1.1405228e-01
   9.1233872e-01
   2.1863090e-01
   3.9390938e-01
   3.4592245e-01
   2.1538219e-01
   5.6672384e-02
   5.1584721e-01
   2.4828564e-01
   1.5969915e-01
  -8.4229843e-01
  -1.0379194e+00
  -9.8302396e-01
  -1.5117304e+00
  -1.7376779e+00
  -1.1296335e+00
  -1.6906552e+00
  -1.0567825e+00
  -7.5065327e-01
  -8.7708761e-01
  -7.1725514e-01
  -5.9459751e-01
  -9.5575547e-01
  -2.6791124e-01
   7.9529500e-01
   1.2469643e+00
   9.1844438e-01
   6.6918109e-01
   6.2958374e-01
   2.9560482e-01
  -6.4153019e-01
  -1.6315907e+00
  -2.9993287e+00
  -3.2305182e+00
  -2.1228767e+00
  -3.5222142e+00
  -3.9121972e+00
  -1.0804310e-01
  -5.7143865e+00
  -3.1232113e+00
  -5.3600335e+00
  -5.3845927e+00
  -5.3845927e+00
  -2.1768734e+00
  -3.4317022e+00
  -6.6173659e+00
  -4.7107859e+00
  -2.6466919e+00
  -9.8925533e-01
   4.4083445e-01
   2.3514356e+00
   5.1571939e+00
   5.4782306e+00
   5.5235711e+00
   4.5163215e+00
   5.2523094e+00
   4.2938081e+00
   3.1801813e+00
   7.4742970e-01
