   0.0000000e+00
   0.0000000e+00
   0.0000000e+00
   0.0000000e+00
   0.0000000e+00
   0.0000000e+00
   0.0000000e+00
   0.0000000e+00
   0.0000000e+00
   0.0000000e+00
   0.0000000e+00
   0.0000000e+00
   0.0000000e+00
   0.0000000e+00
   0.0000000e+00
   0.0000000e+00
   0.0000000e+00
   0.0000000e+00
   0.0000000e+00
   5.7985168e-02
   7.8829310e-02
   3.2752464e-01
   5.3453169e-01
   5.3453169e-01
   4.9092074e-01
   4.9092074e-01
   4.6815394e-01
   4.6815394e-01
   4.6815394e-01
   4.6815394e-01
   4.6815394e-01
   4.6815394e-01
   6.7159032e-01
   8.2619709e-01
   1.0000000e+00
   1.0000000e+00
   9.1930906e-01
   8.3434553e-01
   7.6696066e-01
   7.6696066e-01
   6.8819239e-01
   6.3609729e-01
   4.4599750e-01
   4.4599750e-01
   4.7334208e-01
   5.6968902e-01
   6.0484634e-01
   6.0484634e-01
   6.0484634e-01
   6.0484634e-01
   6.0484634e-01
   6.0484634e-01
   6.0484634e-01
   6.0484634e-01
   6.3023774e-01
   7.7736747e-01
   1.0000000e+00
   1.0000000e+00
   1.0000000e+00
   1.0000000e+00
   9.8962371e-01
   8.8805811e-01
   8.6657308e-01
   8.6657308e-01
   8.6657308e-01
   8.4377575e-01
   8.4377575e-01
   8.0147710e-01
   8.0147710e-01
   8.0147710e-01
   7.7217933e-01
   7.7217933e-01
   7.7217933e-01
   7.7217933e-01
   7.7217933e-01
   7.7217933e-01
   7.7217933e-01
   7.7217933e-01
   7.7217933e-01
   7.7217933e-01
   7.7217933e-01
   7.3506882e-01
   7.3506882e-01
   7.1227149e-01
   7.1227149e-01
   7.1227149e-01
   7.1227149e-01
   7.1227149e-01
   7.1227149e-01
   7.1227149e-01
   7.1227149e-01
   7.1227149e-01
   7.1227149e-01
   6.1787774e-01
   5.0004578e-01
   4.0107425e-01
   4.0107425e-01
   4.0107425e-01
   4.0107425e-01
   6.3545640e-01
   7.1422468e-01
   7.1422468e-01
   7.1422468e-01
   6.2373730e-01
   6.2373730e-01
   6.2373730e-01
   6.2373730e-01
   6.2373730e-01
   6.2373730e-01
   6.2373730e-01
   6.2373730e-01
   6.2373730e-01
   6.2373730e-01
   6.2373730e-01
   6.2373730e-01
   6.2373730e-01
   6.2373730e-01
   6.2373730e-01
   6.2373730e-01
   7.4938200e-01
   7.4938200e-01
   7.4938200e-01
   7.4938200e-01
   7.4938200e-01
   6.9338054e-01
   6.9338054e-01
   6.9338054e-01
   6.9338054e-01
   6.9338054e-01
   6.9338054e-01
   6.9338054e-01
   6.9338054e-01
   6.9338054e-01
   6.9338054e-01
   6.9338054e-01
   6.9338054e-01
   6.9338054e-01
   7.4547563e-01
   7.4547563e-01
   7.4547563e-01
   7.4547563e-01
   6.6637165e-01
   6.6637165e-01
   6.6637165e-01
   6.6637165e-01
   6.6637165e-01
   6.6637165e-01
   6.6637165e-01
   6.6637165e-01
   6.6637165e-01
   6.6637165e-01
   6.6637165e-01
   6.6637165e-01
   6.6637165e-01
   6.6637165e-01
   6.7403180e-01
   7.3116245e-01
   7.5392926e-01
   7.5392926e-01
   7.5392926e-01
   7.5392926e-01
   9.9285867e-01
   1.0000000e+00
   1.0000000e+00
   1.0000000e+00
   8.8805811e-01
   7.6500748e-01
   7.6500748e-01
   7.6500748e-01
   7.6500748e-01
   7.6500748e-01
   7.1681875e-01
   7.1681875e-01
   7.1681875e-01
   7.1681875e-01
   7.6631977e-01
   8.0147710e-01
   8.7957396e-01
   8.8967559e-01
   8.8967559e-01
   8.6590167e-01
   7.9821162e-01
   6.9273965e-01
   6.5758232e-01
   6.5758232e-01
   6.5758232e-01
   6.5758232e-01
   6.5758232e-01
   6.5758232e-01
   6.3414411e-01
   6.3414411e-01
   6.3414411e-01
   6.3414411e-01
   6.3414411e-01
   6.3414411e-01
   6.3414411e-01
   6.3414411e-01
   6.9014557e-01
   7.1681875e-01
   7.2692038e-01
   7.5783563e-01
   8.7957396e-01
   8.7957396e-01
   8.7957396e-01
   8.2491531e-01
   7.6564837e-01
   7.6564837e-01
   7.2072512e-01
   6.9728690e-01
   6.3805048e-01
   6.3805048e-01
   6.3805048e-01
   6.3805048e-01
   6.3805048e-01
   6.3805048e-01
   6.3805048e-01
   6.3805048e-01
   6.3805048e-01
   6.3805048e-01
   6.3805048e-01
   6.3805048e-01
   6.3805048e-01
   6.3805048e-01
   6.3805048e-01
   6.6344188e-01
   7.4938200e-01
   7.4938200e-01
   7.4938200e-01
   7.4938200e-01
   7.4938200e-01
   7.2789697e-01
   7.2789697e-01
   7.0314646e-01
   6.5630055e-01
   6.2373730e-01
   6.2373730e-01
   6.2373730e-01
   6.2373730e-01
   6.2373730e-01
   6.2373730e-01
   6.2373730e-01
   6.2373730e-01
   6.2373730e-01
   6.2373730e-01
   6.2373730e-01
   6.2373730e-01
   6.2373730e-01
   6.2373730e-01
   7.4678793e-01
   7.4678793e-01
   7.4678793e-01
   7.4678793e-01
   7.4678793e-01
   7.4678793e-01
   7.2267830e-01
   7.2267830e-01
   6.8849757e-01
   6.5758232e-01
   6.5758232e-01
   6.3090915e-01
   6.3090915e-01
   6.3090915e-01
   6.3090915e-01
   6.3090915e-01
   6.3090915e-01
   6.3090915e-01
   6.3090915e-01
   6.3090915e-01
   6.3090915e-01
   6.3090915e-01
   6.3090915e-01
   6.3090915e-01
   6.3090915e-01
   6.3090915e-01
   6.3090915e-01
   7.2920927e-01
   7.9103977e-01
   8.1188391e-01
   7.6760155e-01
   6.9469283e-01
   6.5498825e-01
   6.5498825e-01
   6.5498825e-01
   6.5498825e-01
   6.5498825e-01
   6.5498825e-01
   6.5498825e-01
   6.3286233e-01
   6.3286233e-01
   6.3286233e-01
   6.3286233e-01
   6.3286233e-01
   6.3286233e-01
   6.3286233e-01
   6.3286233e-01
   7.1291238e-01
   9.2645039e-01
   9.4729453e-01
   9.4729453e-01
   9.4729453e-01
   9.4729453e-01
   9.4729453e-01
   9.4729453e-01
   9.4729453e-01
   9.2321543e-01
   9.2321543e-01
   9.2321543e-01
   9.2321543e-01
   9.0237129e-01
   8.8152715e-01
   7.3375652e-01
   6.2242500e-01
   6.2242500e-01
   6.2242500e-01
   6.2242500e-01
   6.2242500e-01
   6.2242500e-01
   6.2242500e-01
   6.4522233e-01
   6.6606647e-01
   6.6606647e-01
   6.6606647e-01
   6.6606647e-01
   6.9273965e-01
   6.9273965e-01
   6.9273965e-01
   6.9273965e-01
   6.9273965e-01
   6.9273965e-01
   6.9273965e-01
   6.9273965e-01
   6.9273965e-01
   6.9273965e-01
   6.9273965e-01
   6.9273965e-01
   6.9273965e-01
   6.9273965e-01
   7.0284127e-01
   7.0284127e-01
   7.0284127e-01
   7.0284127e-01
   7.0284127e-01
   7.0284127e-01
   7.0284127e-01
   7.0284127e-01
   7.0284127e-01
   7.0284127e-01
   7.0284127e-01
   7.3830378e-01
   7.3830378e-01
   7.3830378e-01
   7.3830378e-01
   7.3830378e-01
   6.8428602e-01
   6.5630055e-01
   6.5630055e-01
   6.3219092e-01
   6.3219092e-01
   6.3219092e-01
   6.3219092e-01
   6.3219092e-01
   6.3219092e-01
   6.3219092e-01
   6.3219092e-01
   6.3219092e-01
   6.3219092e-01
   6.3219092e-01
   6.3219092e-01
   6.3219092e-01
   6.3219092e-01
   6.3219092e-01
   6.3219092e-01
   7.4092837e-01
   7.6436659e-01
   7.6436659e-01
   7.6436659e-01
   7.6436659e-01
   7.6436659e-01
   7.6436659e-01
   7.6436659e-01
   7.6436659e-01
   7.6436659e-01
   7.6436659e-01
   7.6436659e-01
   7.6436659e-01
   6.2114322e-01
   3.1449324e-01
   2.2727134e-01
   2.2727134e-01
   3.0344554e-01
   3.2621235e-01
   3.2621235e-01
   3.7372967e-01
   4.4276254e-01
   4.6684164e-01
   5.9898679e-01
   6.6475417e-01
   7.5783563e-01
   7.5783563e-01
   7.5783563e-01
   1.0000000e+00
   1.0000000e+00
   1.0000000e+00
   1.0000000e+00
   1.0000000e+00
   1.0000000e+00
   1.0000000e+00
   9.8245186e-01
   9.0368358e-01
   7.7150792e-01
   6.6734825e-01
   6.6734825e-01
   6.6734825e-01
   6.9859920e-01
   7.6305429e-01
   7.8585162e-01
   7.8585162e-01
   7.8585162e-01
   7.8585162e-01
   8.2491531e-01
   9.9221778e-01
   1.0000000e+00
   1.0000000e+00
   1.0000000e+00
   1.0000000e+00
   1.0000000e+00
   1.0000000e+00
   9.8245186e-01
   8.6721397e-01
   8.3727531e-01
   7.9430525e-01
   7.6631977e-01
   7.6631977e-01
   7.6631977e-01
   7.6631977e-01
   7.6631977e-01
   7.6631977e-01
   7.6631977e-01
   7.6631977e-01
   7.6631977e-01
   7.6631977e-01
   7.6631977e-01
   7.6631977e-01
   7.6631977e-01
   7.6631977e-01
   7.6631977e-01
   7.6631977e-01
   7.6631977e-01
   7.6631977e-01
   7.2139653e-01
   6.1983093e-01
   6.1983093e-01
   6.1983093e-01
   6.1983093e-01
   6.1983093e-01
   6.1983093e-01
   6.1983093e-01
   6.1983093e-01
   6.1983093e-01
   6.1983093e-01
   6.1983093e-01
   6.1983093e-01
   6.1983093e-01
   6.1983093e-01
   6.1983093e-01
   6.1983093e-01
   6.1983093e-01
   6.1983093e-01
   6.1983093e-01
   6.1983093e-01
   6.1983093e-01
   6.1983093e-01
   6.1983093e-01
   6.1983093e-01
   6.1983093e-01
   6.1983093e-01
   6.5367595e-01
   7.1095920e-01
   7.3961608e-01
   7.3961608e-01
   7.3961608e-01
   7.3961608e-01
   7.3961608e-01
   7.3961608e-01
   7.6500748e-01
   7.6500748e-01
   7.6500748e-01
   7.6500748e-01
   7.6500748e-01
   6.4391003e-01
   6.1851863e-01
   4.9092074e-01
   4.9092074e-01
   4.9092074e-01
   4.9092074e-01
   4.9092074e-01
   4.9092074e-01
   4.9092074e-01
   4.9092074e-01
   4.9092074e-01
   5.3715629e-01
   7.4938200e-01
   8.8805811e-01
   8.8805811e-01
   8.3077486e-01
   8.3077486e-01
   8.0993072e-01
   6.5630055e-01
   6.3414411e-01
   6.3414411e-01
   6.3414411e-01
   6.3414411e-01
   6.3414411e-01
   6.3414411e-01
   6.3414411e-01
   6.3414411e-01
   6.3414411e-01
   6.3414411e-01
   6.3414411e-01
   6.3414411e-01
   6.3414411e-01
   6.3414411e-01
   6.3414411e-01
   6.3414411e-01
   6.3414411e-01
   6.5498825e-01
   6.7647328e-01
   6.7647328e-01
   6.7647328e-01
   6.7647328e-01
   6.9859920e-01
   8.0407117e-01
   8.3077486e-01
   8.3077486e-01
   8.3077486e-01
   8.3077486e-01
   8.3077486e-01
   7.7022614e-01
   7.4806970e-01
   6.9142735e-01
   6.9142735e-01
   6.9142735e-01
   6.9142735e-01
   6.9142735e-01
   6.9142735e-01
   6.9142735e-01
   6.9142735e-01
   6.9142735e-01
   6.9142735e-01
   6.9142735e-01
   6.9142735e-01
   6.9142735e-01
   6.4131596e-01
   6.4131596e-01
   6.1983093e-01
   6.1983093e-01
   6.1983093e-01
   6.1983093e-01
   6.1983093e-01
   6.1983093e-01
   6.1983093e-01
   6.1983093e-01
   6.1983093e-01
   6.1983093e-01
   6.1983093e-01
   6.1983093e-01
   6.1983093e-01
   6.1983093e-01
   6.1983093e-01
   6.1983093e-01
   6.1983093e-01
   6.1983093e-01
   6.1983093e-01
   6.1983093e-01
   6.4067507e-01
   6.4067507e-01
   6.4067507e-01
   6.4067507e-01
   6.4067507e-01
   6.4067507e-01
   6.4067507e-01
   6.4067507e-01
   6.4067507e-01
   5.9770501e-01
   4.4404431e-01
   2.1488083e-01
   1.2634663e-01
   1.2634663e-01
   1.2634663e-01
   4.4984283e-02
   0.0000000e+00
   0.0000000e+00
   0.0000000e+00
   0.0000000e+00
   0.0000000e+00
   0.0000000e+00
   0.0000000e+00
   0.0000000e+00
   0.0000000e+00
   0.0000000e+00
   0.0000000e+00
   0.0000000e+00
   0.0000000e+00
   0.0000000e+00
   0.0000000e+00
   0.0000000e+00
   0.0000000e+00
   0.0000000e+00
   0.0000000e+00
   0.0000000e+00
   0.0000000e+00
   0.0000000e+00
   0.0000000e+00
   0.0000000e+00
   0.0000000e+00
   0.0000000e+00
   0.0000000e+00
   0.0000000e+00
   0.0000000e+00
   0.0000000e+00
   0.0000000e+00
   0.0000000e+00
   0.0000000e+00
   0.0000000e+00
   0.0000000e+00
   0.0000000e+00
   0.0000000e+00
   0.0000000e+00
   0.0000000e+00
   0.0000000e+00
   0.0000000e+00
   0.0000000e+00
   0.0000000e+00
   0.0000000e+00
   0.0000000e+00
   0.0000000e+00
   0.0000000e+00
   0.0000000e+00
   0.0000000e+00
   0.0000000e+00
   0.0000000e+00
   0.0000000e+00
   0.0000000e+00
   0.0000000e+00
   0.0000000e+00
   0.0000000e+00
   0.0000000e+00
   0.0000000e+00
   0.0000000e+00
   0.0000000e+00
   0.0000000e+00
