   9.7874140e+00
   9.8170915e+00
   9.8187568e+00
   9.8162670e+00
   9.8106514e+00
   9.8297367e+00
   9.8315680e+00
   9.8015917e+00
   9.8353336e+00
   9.8013537e+00
   9.8315400e+00
   9.8292186e+00
   9.8386923e+00
   9.8255431e+00
   9.8387309e+00
   9.8206022e+00
   9.8088270e+00
   9.8247467e+00
   9.8393823e+00
   9.8972522e+00
   1.0736362e+01
   1.3471004e+01
   1.3372930e+01
   1.3966104e+01
   1.3998675e+01
   1.3349413e+01
   1.1415358e+01
   9.8033266e+00
   9.9428008e+00
   9.5860054e+00
   9.1424216e+00
   9.1424216e+00
   8.7978277e+00
   8.1027750e+00
   8.7032998e+00
   7.7179493e+00
   7.3422551e+00
   6.4930301e+00
   6.2475026e+00
   6.9689420e+00
   6.3567777e+00
   6.0278894e+00
   6.1951566e+00
   4.6440116e+00
   3.9197828e+00
   2.9858386e+00
   2.3839547e+00
   1.8664181e+00
   1.6438466e+00
   1.6703701e+00
  -4.8122895e+00
   1.1210504e+00
   9.9708929e-01
   8.8010836e-01
  -1.2367110e+00
   4.5421814e+00
   1.7152074e+01
   7.8420313e+00
   9.8218114e+00
   9.8827896e+00
   9.9159703e+00
   9.8546341e+00
   9.7664301e+00
   9.7648846e+00
   9.7677732e+00
   9.7179315e+00
   9.7179315e+00
   9.6398320e+00
   9.9328278e+00
   9.9809504e+00
   9.7888524e+00
   9.7889787e+00
   9.7936149e+00
   9.8082616e+00
   9.8195310e+00
   9.8192187e+00
   9.7853294e+00
   9.8293636e+00
   9.8226686e+00
   9.8207671e+00
   9.7918339e+00
   9.8316324e+00
   9.7921900e+00
   9.7921900e+00
   9.8448120e+00
   9.8122968e+00
   9.8191252e+00
   9.8156578e+00
   9.8337759e+00
   9.8052094e+00
   9.8231293e+00
   9.8283427e+00
   9.8388326e+00
   9.8242649e+00
   9.8131025e+00
   9.7973186e+00
   9.8062215e+00
   9.8217120e+00
   9.8118945e+00
   9.8100363e+00
   9.8240672e+00
   9.8008918e+00
   9.8026495e+00
   9.8203320e+00
   9.7945253e+00
   9.8407493e+00
   9.8164518e+00
   9.7947902e+00
   9.8169173e+00
   9.8339186e+00
   9.8015134e+00
   9.8258027e+00
   9.8128546e+00
   9.8002387e+00
   9.8249010e+00
   9.8455955e+00
   9.8200233e+00
   9.8307752e+00
   9.8205577e+00
   9.8161688e+00
   9.8325211e+00
   9.8242426e+00
   9.8242426e+00
   9.8264155e+00
   9.8203005e+00
   9.8187322e+00
   9.8259161e+00
   9.7999709e+00
   9.8249431e+00
   9.8103111e+00
   9.8077114e+00
   9.8337338e+00
   9.8204630e+00
   9.8005451e+00
   9.8241889e+00
   9.8302898e+00
   9.8099936e+00
   9.8112057e+00
   9.8112057e+00
   9.8219763e+00
   9.8143000e+00
   9.8143000e+00
   9.8237620e+00
   9.8295367e+00
   9.8263781e+00
   9.8065952e+00
   9.8186796e+00
   9.8185159e+00
   9.8224113e+00
   9.8314441e+00
   9.8189521e+00
   9.8347513e+00
   9.8343607e+00
   9.8270037e+00
   9.8251326e+00
   9.8134639e+00
   9.8229551e+00
   9.7996153e+00
   9.8393928e+00
   9.8250472e+00
   9.8286900e+00
   9.8193368e+00
   9.8134007e+00
   9.8317914e+00
   9.8318721e+00
   9.8189907e+00
   9.8452505e+00
   9.8405377e+00
   9.8242520e+00
   9.8156122e+00
   9.8104958e+00
   9.8144556e+00
   9.8421831e+00
   9.8270072e+00
   9.8207051e+00
   9.8355956e+00
   9.8120816e+00
   9.8057707e+00
   9.8117261e+00
   9.8046130e+00
   9.8122874e+00
   9.8219657e+00
   9.8080494e+00
   9.8262985e+00
   9.8240380e+00
   9.8154765e+00
   9.8194339e+00
   9.8112560e+00
   9.8068308e+00
   9.8374188e+00
   9.8383871e+00
   9.7966789e+00
   9.7966789e+00
   9.8296221e+00
   9.8050714e+00
   9.8050714e+00
   9.8057426e+00
   9.9525095e+00
   1.0142081e+01
   9.5858634e+00
   9.3936970e+00
   9.8225002e+00
   9.8248005e+00
   9.8053579e+00
   9.8141036e+00
   9.7715756e+00
   9.7979419e+00
   9.7979419e+00
   9.8240672e+00
   9.8792591e+00
   1.0023671e+01
   1.0722370e+01
   1.1212256e+01
   1.0894499e+01
   1.1798487e+01
   1.1283195e+01
   1.1159664e+01
   1.1615696e+01
   1.0964308e+01
   1.1664593e+01
   1.0365155e+01
   9.4283610e+00
   1.0399056e+01
   1.0769617e+01
   1.0647596e+01
   1.0166292e+01
   1.0880330e+01
   1.0388745e+01
   1.0056477e+01
   1.0377147e+01
   9.8128897e+00
   1.0185561e+01
   8.5297100e+00
   8.6321521e+00
   9.0809481e+00
   9.0643321e+00
   7.4987465e+00
   8.7942615e+00
   9.6482245e+00
   9.6305402e+00
   7.5368569e+00
   8.7802334e+00
   8.6102361e+00
   8.5174326e+00
   7.9151308e+00
   4.2885459e+00
   3.4495394e+00
   3.1312802e+00
   2.4363677e+00
   2.3633422e+00
  -2.4832996e+00
   2.0274435e+00
   3.3956664e+00
   7.3519311e+00
   5.8082843e+00
   5.4462078e-01
   1.8907119e+01
   9.8305810e+00
   9.8128090e+00
   9.8373802e+00
   9.9258906e+00
   9.7534633e+00
   9.8744995e+00
   9.8893596e+00
   9.8302173e+00
   9.8327387e+00
   9.7745197e+00
   9.8765799e+00
   9.8782300e+00
   9.7634497e+00
   9.7748120e+00
   9.8084873e+00
   9.8464632e+00
   9.8451616e+00
   9.7717791e+00
   9.8113987e+00
   9.8307167e+00
   9.7987084e+00
   9.8027518e+00
   9.8319481e+00
   9.8035786e+00
   9.8263395e+00
   9.8366855e+00
   9.8233258e+00
   9.8232112e+00
   9.8078488e+00
   9.8263547e+00
   9.8173324e+00
   9.8070805e+00
   9.8018361e+00
   9.8296466e+00
   9.8198572e+00
   9.7960673e+00
   9.8173464e+00
   9.8359874e+00
   9.7903352e+00
   9.8009175e+00
   9.8214524e+00
   9.8191942e+00
   9.8149011e+00
   9.8194912e+00
   9.8241526e+00
   9.8210571e+00
   9.8059426e+00
   9.8317107e+00
   9.8420194e+00
   9.8059689e+00
   9.7945604e+00
   9.8215003e+00
   9.8142416e+00
   9.7999609e+00
   9.8123143e+00
   9.8120910e+00
   9.8166588e+00
   9.8244485e+00
   9.8243526e+00
   9.8167535e+00
   9.8369253e+00
   9.8017145e+00
   9.8192678e+00
   9.8403295e+00
   9.7952217e+00
   9.8040733e+00
   9.8422743e+00
   9.8125517e+00
   9.8139831e+00
   9.8290584e+00
   9.7893833e+00
   9.8178154e+00
   9.8366984e+00
   9.8301811e+00
   9.8109893e+00
   9.8394068e+00
   9.8255337e+00
   9.8369884e+00
   9.7935892e+00
   9.8202081e+00
   9.8214453e+00
   9.8023366e+00
   9.8146895e+00
   9.8165501e+00
   9.7925613e+00
   9.8156566e+00
   9.8184469e+00
   9.8338578e+00
   9.8334883e+00
   9.8286819e+00
   9.8176797e+00
   9.8345723e+00
   9.8144006e+00
   9.8364832e+00
   9.8086277e+00
   9.8367487e+00
   9.8249759e+00
   9.8156987e+00
   9.8226791e+00
   9.8094556e+00
   9.8309950e+00
   9.8162764e+00
   9.8379637e+00
   9.8242122e+00
   9.8138826e+00
   9.8135282e+00
   9.7970104e+00
   9.8148240e+00
   9.8131902e+00
   9.8216161e+00
   9.8007661e+00
   9.8152017e+00
   9.8161653e+00
   9.8128838e+00
   9.8060964e+00
