   6.3512456e-03
   8.5860515e-03
  -2.3868334e-03
  -1.0533759e-02
  -4.1632175e-03
  -1.2448722e-03
   7.5557721e-03
  -2.0353573e-02
  -8.5895598e-04
  -4.4777977e-03
  -4.9017209e-03
  -2.5832999e-03
  -5.0841540e-03
  -1.3617581e-02
  -2.5455853e-02
   7.4984694e-03
  -1.4170727e-02
  -1.1425459e-03
   5.9945655e-03
  -1.3732186e-02
   1.9783469e-02
  -2.9855883e-03
  -5.5408216e-03
   6.3188521e-02
  -4.8695612e-02
  -1.3976658e-01
   2.8493365e-01
  -7.7227218e-01
  -5.8913621e-02
  -6.8094627e-01
  -1.4700836e-01
  -9.9572703e-01
   4.8079783e-01
  -4.3989013e-01
   3.1413581e-01
   1.1756435e+00
   2.6128014e+00
   3.2773878e+00
   3.1134716e+00
   2.1184392e+00
   1.7344572e+00
   8.7099423e-01
   8.2376744e-02
  -1.2804174e-01
  -1.6255406e+00
  -2.8957891e+00
  -2.3989225e+00
  -2.9416670e+00
  -1.8797015e+00
  -4.0691534e-01
  -9.1864085e-01
  -2.4154620e+00
  -9.3565742e-01
  -9.1698316e-01
  -2.5031509e+00
  -2.4342619e+00
   6.3600515e-01
   2.6242643e+00
   3.5346103e+00
   3.9177538e+00
   3.9806511e+00
   3.9158148e+00
   3.8249924e+00
   3.1500366e+00
   2.6422878e+00
   2.7622492e+00
   2.9142418e+00
   2.5929209e+00
   2.6093492e+00
   2.1766412e+00
   1.9404359e+00
   1.8564091e+00
   1.1731339e+00
   1.2233053e+00
   1.2322984e+00
   9.6808373e-01
   7.5295415e-01
   9.8155923e-01
   9.7046121e-01
   6.2280214e-01
   8.0030022e-01
   1.1509788e+00
   6.1530250e-01
   3.3067993e-01
  -4.2526799e-02
  -4.4872176e-01
  -2.6195935e-01
  -1.0108801e+00
   1.7956448e-01
  -5.2169735e-01
  -3.8583086e-01
  -2.7085472e-02
  -3.4263339e-01
  -1.5268191e-01
   6.1250753e-02
  -1.3404625e+00
  -2.2952239e+00
  -2.8967264e+00
  -3.9205604e+00
  -3.3065911e+00
  -3.5584523e+00
  -1.7160005e+00
  -1.8761183e+00
  -1.1499088e+00
  -4.0280942e-01
  -1.0770203e+00
  -9.0483791e-01
  -1.2647001e+00
  -1.0644137e+00
  -6.6512663e-01
  -1.9869406e+00
  -1.5623854e+00
  -1.4015665e+00
  -1.4189310e+00
  -1.0836148e+00
  -1.6081246e+00
  -5.1346506e-01
  -1.0706515e+00
  -7.4051069e-01
  -4.9985859e-01
  -1.1293242e+00
   5.3007349e-02
   5.4278650e-01
   1.0750246e+00
   8.7594916e-01
   8.2025209e-01
   6.1578782e-01
   6.0972660e-01
   6.3093796e-02
   9.4742318e-01
  -4.2981187e-01
  -5.2069572e-01
   2.0776794e-01
   2.5363818e-01
   1.7098311e-01
  -1.7070654e-01
  -3.4935710e-01
  -3.5645445e-01
   1.2825002e+00
   6.6032957e-01
   6.6357361e-01
   2.3469788e-01
   8.0626204e-01
   7.5908437e-01
   3.0787695e-01
   5.7935031e-01
  -4.0471211e-01
  -6.3650100e-01
  -9.3270866e-01
  -1.8704249e-01
   6.9910246e-01
   1.6733328e-01
  -2.0888886e-01
  -3.0134211e-01
  -1.1320707e+00
  -8.3597642e-02
  -3.6187599e-01
  -4.3955625e-01
   4.1301691e-01
   8.8548480e-01
   1.2424316e+00
   1.2890421e+00
   1.9048556e+00
   2.4795481e+00
   3.3190036e+00
   3.3564819e+00
   2.3992517e+00
   1.8301434e+00
   1.7060713e+00
   2.0209006e+00
   1.1433096e+00
   7.1556471e-01
   1.5772209e+00
   3.3428766e-01
   1.6863803e+00
   8.2837387e-01
   4.5581385e-01
   5.3035182e-01
   8.2993157e-01
   1.8123620e+00
   2.2808421e+00
   2.5334945e+00
   2.2552442e+00
   1.7860145e+00
   9.6609802e-01
   5.4974352e-02
  -1.7927329e-01
  -4.5718911e-01
  -1.8564500e-01
  -1.1456871e+00
  -8.2027431e-01
  -8.6931140e-01
  -2.3150401e+00
  -5.3361515e-01
  -1.0991964e+00
  -1.3384721e+00
  -1.0665912e+00
  -1.0812695e+00
  -1.6900558e-01
   2.3375531e-01
  -1.2987718e+00
   6.5385086e-01
   7.7446488e-01
   2.2352175e+00
   2.5131824e+00
   2.7257006e+00
   1.5814227e+00
   1.7327382e+00
   1.6454919e+00
   7.0407493e-01
   3.2716341e-01
  -8.1721212e-01
   2.1723576e-01
  -1.4010753e+00
  -1.6815622e+00
  -1.1220093e+00
   2.1422210e-01
  -6.7158195e-01
  -1.0862127e+00
  -6.5837543e-01
  -9.3908915e-01
  -5.3327191e-01
  -6.4381002e-01
  -6.0038041e-01
  -1.1049115e+00
  -7.4786122e-01
  -1.1975799e+00
   9.8664163e-01
   9.3024991e-01
   1.0715409e+00
   1.0295052e+00
   1.3296533e+00
   1.0526239e+00
   1.3541064e+00
   4.9732557e-01
  -7.6781484e-01
  -1.4165693e+00
  -5.6972872e-01
  -1.2766472e+00
  -1.2456949e+00
  -1.4389869e+00
  -1.1109271e+00
  -2.1374965e+00
  -2.4353361e-01
   1.7860320e-01
  -9.3112231e-01
  -1.4517964e+00
  -3.9071095e-01
  -2.3587434e-01
  -1.0076799e-01
   6.4051102e-01
  -5.8087410e-02
   4.4805810e-01
   6.4924208e-01
   1.7102860e+00
   1.7429123e+00
   1.5595460e+00
   8.4473555e-01
   1.2066069e+00
   1.0779693e-01
  -4.7134698e-01
  -1.0332457e+00
  -1.2019028e+00
  -1.8604232e+00
  -1.2351793e+00
   9.6205409e-02
  -6.5776381e-01
  -8.2683138e-01
  -1.0382462e+00
  -3.0059366e-01
  -1.3813503e+00
  -1.9760975e+00
  -1.3501911e+00
  -5.5299048e-01
   5.2042558e-02
  -3.0883356e-01
  -8.9609282e-01
   2.1635341e+00
   1.8900516e+00
   2.1281748e+00
   1.8870473e+00
   8.9832996e-01
   4.3711913e-01
  -5.2674876e-01
  -1.5447876e-01
   7.1268437e-01
   8.8288512e-01
  -2.4087605e-01
  -2.1287958e-02
  -9.6722887e-01
  -4.1541251e-01
  -1.1831268e+00
  -1.5091172e+00
  -1.5344702e+00
  -5.1640854e-01
  -3.9108985e-01
  -4.0146749e-01
   6.5900927e-01
   1.6123031e+00
   2.2367857e+00
   2.6489407e+00
   3.0805331e+00
   3.0546860e+00
   3.5989332e+00
   3.2813335e+00
   3.3183171e+00
   2.9067702e+00
   2.5984430e+00
   2.8452376e+00
   3.0894220e+00
   2.8400301e+00
   2.0240195e+00
   1.4043620e+00
   1.3093787e-01
  -7.6263480e-01
  -1.3059318e+00
  -2.1516192e+00
  -6.6680010e-01
  -6.7990313e-01
  -5.7592501e-01
  -1.3652354e+00
  -1.3851329e+00
  -1.5410705e+00
  -1.5694933e+00
  -7.5573099e-01
  -8.1050420e-01
   4.7387239e-01
  -2.6739317e-02
  -3.2710845e-01
   1.6814604e-01
  -4.4638404e-01
  -1.7387865e-01
   4.4039825e-01
   5.5782671e-01
   3.2354983e-02
   5.3721294e-01
  -2.2465646e-01
  -4.5656463e-01
   2.4368739e-01
   9.6424328e-01
  -6.9865866e-01
   8.8864346e-01
   5.7609575e-01
   2.7513956e-01
   7.0544669e-01
   1.3996153e+00
  -2.9504524e-01
   1.1728462e-01
   2.6413510e-01
  -2.7542432e-01
   7.1868245e-01
   6.7803728e-01
   9.0460168e-01
   1.2835761e+00
   1.0407237e+00
  -1.3032742e-01
   5.0383235e-01
  -1.4809214e+00
  -9.0952387e-01
  -4.1997334e-01
  -1.3536643e+00
  -5.8401698e-01
  -1.1984120e+00
  -1.0902864e+00
  -9.3569484e-02
  -4.2315832e-01
  -1.2276826e+00
  -8.5007581e-01
  -1.4181533e+00
  -1.0466884e+00
  -2.0332950e+00
  -1.6139327e+00
  -6.1089663e-01
  -1.0523199e+00
  -1.1197652e+00
   7.8428002e-01
   1.0526216e+00
   1.9116817e+00
   1.8290617e+00
   1.3716071e+00
   2.0221578e+00
   1.6228807e+00
   1.6467221e+00
   1.6939711e+00
   1.8392335e+00
   1.7827903e+00
   1.0648049e+00
  -7.6228747e-01
  -2.1280088e+00
  -3.7274684e+00
  -3.9537814e+00
  -4.7384485e+00
  -4.6153997e+00
  -5.0220706e+00
  -5.0913353e+00
  -4.9640078e+00
  -4.2984397e+00
  -1.8386821e+00
  -1.1827151e+00
  -8.3506426e-02
   9.7864848e-02
   9.3345302e-01
   2.3762020e+00
   2.7000442e+00
   2.9930973e+00
   3.1160011e+00
   2.7109177e+00
   2.7986821e+00
   3.7494101e+00
   3.4832776e+00
   1.9205788e+00
   9.3935169e-01
   5.3361105e-01
   9.0178683e-01
  -2.2060551e-01
   7.5855929e-02
   5.1228392e-01
   2.5926671e-01
   1.6406527e+00
   1.1575756e+00
   1.9300139e+00
   2.5388435e+00
   3.3945905e+00
   2.9499063e+00
   2.7917835e+00
   2.5569488e+00
   3.2712657e+00
   2.8915370e+00
   3.2096068e+00
   2.6391338e+00
   1.8155008e+00
   1.5292960e+00
   1.4444856e+00
   1.7088172e+00
   3.1872588e-01
   1.8162317e+00
   3.5196379e-01
   7.9963598e-01
   5.0045266e-01
   9.0010517e-01
   1.3086852e+00
   1.8085298e+00
   4.7175687e-01
   6.7024060e-01
   5.4249063e-01
   2.7853329e-01
   1.8683140e-01
   3.0315825e-01
   9.2737425e-01
   3.1709100e-01
   2.7799768e-01
  -4.8032713e-01
  -8.3324811e-01
  -1.8016517e+00
  -1.4519098e+00
  -2.2477194e+00
  -1.2665285e+00
  -1.6889782e+00
  -5.4344373e-01
  -1.4364972e+00
  -1.9473930e+00
  -1.9243298e+00
  -1.6874556e+00
  -7.7867371e-01
  -2.0208895e+00
  -1.4004988e+00
  -1.4720377e+00
  -1.9753362e+00
  -1.7103901e+00
  -1.0778798e+00
  -1.4884690e+00
  -1.7279341e+00
  -7.6819024e-01
  -1.4050549e+00
  -1.5143903e+00
  -1.0132038e+00
  -1.1174006e+00
  -7.9074178e-01
  -7.4423185e-01
  -3.8662024e-01
   6.6484128e-01
   7.7679090e-01
   1.9783972e+00
   1.5395450e+00
   9.0260661e-01
   9.1357599e-01
   1.4296372e+00
   1.9451160e+00
   1.5758808e+00
   1.3863725e+00
   8.2678928e-01
   6.0986225e-01
  -4.0355377e-01
  -1.1047115e+00
  -2.1179013e+00
  -2.4622882e+00
  -3.6806977e+00
  -4.1056330e+00
  -2.7549426e+00
  -1.9265622e+00
  -2.5724369e+00
  -3.1863343e+00
  -1.2798748e+00
  -1.2432531e+00
   5.7506664e-01
   1.7755608e+00
   1.5849942e+00
   1.9410546e+00
   2.2086992e+00
   1.0158871e+00
   5.9322926e-01
  -5.7021287e-01
   9.3602228e-02
   2.0695752e-01
  -6.3134142e-01
  -3.0741736e-02
  -7.6826917e-01
  -1.3794810e-01
  -2.6781359e-01
  -2.3035983e-01
  -9.2012487e-01
  -1.7890884e+00
  -6.6914600e-01
  -3.3746445e-01
  -4.9734487e-01
   2.4317751e-01
   4.9897799e-02
  -1.3680438e-01
   5.8318843e-01
   2.4086202e-01
   9.4937498e-01
   4.9997553e-01
   5.1803875e-01
   1.2233194e+00
   2.1426443e+00
   1.9437934e+00
   2.5906241e+00
   2.5816206e+00
   2.6750485e+00
   2.0585555e+00
   1.8883127e+00
   9.4193031e-01
   4.0153532e-01
   3.2351826e-01
   5.8672599e-01
   3.6490134e-02
   1.1121018e+00
   1.0827289e-01
  -2.4769332e-01
  -9.8382619e-01
   2.0017475e-01
  -1.7842194e-01
   1.5389638e-01
  -7.4063757e-01
   8.4926714e-01
  -5.6777283e-01
  -7.7377725e-01
   1.5586104e-01
  -3.9702828e-01
  -9.6797556e-01
  -1.6593667e+00
  -7.4441663e-01
  -1.4882906e+00
  -8.5854726e-01
  -1.8721691e+00
   8.0502360e-01
  -1.0635927e+00
  -1.2408254e+00
  -8.3347381e-01
  -3.7464865e-02
   3.6229933e-01
  -1.7489145e+00
  -6.5809126e-01
  -8.3499526e-01
  -1.4016302e+00
  -4.1389574e-01
  -1.7229564e+00
  -1.2200677e+00
  -2.7110791e-01
  -6.5296559e-01
   1.1714312e-01
  -7.7779487e-01
  -1.9073851e-01
  -3.4418524e-01
   3.9017651e-01
  -2.1133463e+00
   3.9387675e+00
   6.7838227e-01
  -1.1925554e+00
   5.2444157e+00
   1.4123552e+00
   2.8740117e+00
   1.7477690e+00
   2.7139290e+00
   1.2317721e+00
  -3.8138873e-01
  -2.5543562e-02
   8.5818415e-02
  -1.7363365e-01
  -7.3781980e-01
   1.0221050e-01
  -3.1037547e-01
  -1.4478700e-01
   8.4985771e-02
   5.8087410e-02
  -1.7757994e-02
  -2.6747854e-01
   2.5941289e-01
  -7.0463626e-02
  -3.6173917e-01
   1.4604824e-01
   3.3917008e-01
  -5.9293106e-02
  -1.0138546e-01
  -5.8611496e-01
  -3.3286754e+00
  -3.8727279e-01
  -5.5623802e-01
   1.0459745e+00
   1.8873561e+00
   2.1750169e+00
   1.8700156e+00
   9.3400265e-01
   9.9420559e-01
   8.5685098e-02
  -7.2387653e-01
  -1.2406265e+00
  -1.4234503e+00
  -1.7066491e+00
  -8.4778897e-01
   2.4157304e-01
   4.2456750e-01
   1.5119683e+00
   1.0883013e+00
   1.0870804e+00
   5.9201421e-01
   9.9795014e-01
   2.1388366e+00
  -1.2751643e+00
  -3.1910443e+00
  -9.6097411e-01
  -2.1651596e+00
  -2.8409609e+00
  -2.8482033e+00
  -1.9535425e+00
  -7.2138620e-01
   1.5274915e-01
   6.0539732e-01
   1.1883893e+00
   1.7503944e+00
   1.7294041e+00
