  -0.0000000e+00
  -0.0000000e+00
  -0.0000000e+00
  -0.0000000e+00
  -0.0000000e+00
  -0.0000000e+00
  -0.0000000e+00
  -0.0000000e+00
  -0.0000000e+00
  -0.0000000e+00
  -0.0000000e+00
  -0.0000000e+00
  -0.0000000e+00
  -0.0000000e+00
  -0.0000000e+00
  -0.0000000e+00
  -0.0000000e+00
  -0.0000000e+00
  -0.0000000e+00
  -0.0000000e+00
  -0.0000000e+00
  -0.0000000e+00
  -0.0000000e+00
  -0.0000000e+00
  -0.0000000e+00
  -0.0000000e+00
  -0.0000000e+00
  -0.0000000e+00
  -0.0000000e+00
  -0.0000000e+00
  -0.0000000e+00
  -0.0000000e+00
  -0.0000000e+00
  -0.0000000e+00
  -0.0000000e+00
  -0.0000000e+00
  -0.0000000e+00
  -0.0000000e+00
  -0.0000000e+00
  -0.0000000e+00
  -0.0000000e+00
  -0.0000000e+00
  -0.0000000e+00
  -0.0000000e+00
  -0.0000000e+00
  -0.0000000e+00
  -0.0000000e+00
  -0.0000000e+00
  -0.0000000e+00
  -0.0000000e+00
  -0.0000000e+00
  -0.0000000e+00
  -0.0000000e+00
  -0.0000000e+00
  -0.0000000e+00
  -0.0000000e+00
  -0.0000000e+00
  -0.0000000e+00
  -0.0000000e+00
  -0.0000000e+00
  -0.0000000e+00
  -0.0000000e+00
  -0.0000000e+00
  -0.0000000e+00
  -0.0000000e+00
  -0.0000000e+00
  -0.0000000e+00
  -0.0000000e+00
  -0.0000000e+00
  -0.0000000e+00
  -0.0000000e+00
  -0.0000000e+00
  -0.0000000e+00
  -0.0000000e+00
  -0.0000000e+00
  -0.0000000e+00
  -0.0000000e+00
  -0.0000000e+00
  -0.0000000e+00
  -0.0000000e+00
  -0.0000000e+00
  -0.0000000e+00
  -0.0000000e+00
  -0.0000000e+00
  -0.0000000e+00
  -0.0000000e+00
  -0.0000000e+00
  -0.0000000e+00
  -0.0000000e+00
  -0.0000000e+00
  -0.0000000e+00
  -0.0000000e+00
  -0.0000000e+00
  -0.0000000e+00
  -0.0000000e+00
  -0.0000000e+00
  -0.0000000e+00
  -0.0000000e+00
  -0.0000000e+00
  -0.0000000e+00
  -0.0000000e+00
  -0.0000000e+00
  -0.0000000e+00
  -0.0000000e+00
  -0.0000000e+00
  -0.0000000e+00
  -0.0000000e+00
  -0.0000000e+00
   1.2140263e+03
   7.5423444e+03
   1.3010041e+04
   1.9572741e+04
   1.9572741e+04
   1.9572741e+04
   2.0823389e+04
   2.0823389e+04
   2.0823389e+04
   2.0823389e+04
   2.0823389e+04
   2.0823389e+04
   2.0823389e+04
   2.0823389e+04
   2.0823389e+04
   2.0823389e+04
   2.0823389e+04
   2.0823389e+04
   2.0823389e+04
   2.0823389e+04
   2.3674429e+04
   2.6565752e+04
   3.2267830e+04
   3.5159154e+04
   3.5159154e+04
   3.6407971e+04
   3.6407971e+04
   3.6407971e+04
   3.6407971e+04
   3.6407971e+04
   3.6407971e+04
   3.6407971e+04
   3.6407971e+04
   3.6407971e+04
   3.6407971e+04
   3.6407971e+04
   3.6407971e+04
   3.5080416e+04
   3.5080416e+04
   3.5080416e+04
   3.5080416e+04
   3.5080416e+04
   3.5080416e+04
   3.5080416e+04
   3.5080416e+04
   3.5080416e+04
   3.5080416e+04
   3.5080416e+04
   2.9847102e+04
   2.9847102e+04
   2.9847102e+04
   2.8517716e+04
   2.8517716e+04
   2.8517716e+04
   2.8517716e+04
   2.9964293e+04
   3.6993927e+04
   3.8634602e+04
   3.8634602e+04
   3.8634602e+04
   3.9885250e+04
   3.9885250e+04
   3.9885250e+04
   3.9885250e+04
   3.9885250e+04
   3.9885250e+04
   3.9885250e+04
   3.8400220e+04
   3.8400220e+04
   3.8400220e+04
   3.8400220e+04
   3.8400220e+04
   3.8400220e+04
   3.8400220e+04
   3.8400220e+04
   3.8400220e+04
   3.8400220e+04
   3.8400220e+04
   3.8400220e+04
   3.8400220e+04
   3.8400220e+04
   3.8400220e+04
   3.8400220e+04
   3.8400220e+04
   3.8400220e+04
   3.8400220e+04
   3.8400220e+04
   3.8400220e+04
   3.8400220e+04
   3.8400220e+04
   4.0002441e+04
   4.0002441e+04
   4.2853481e+04
   4.2853481e+04
   4.2853481e+04
   4.2853481e+04
   4.2853481e+04
   4.2853481e+04
   4.2853481e+04
   4.6486404e+04
   4.6486404e+04
   4.6486404e+04
   4.6486404e+04
   4.6486404e+04
   4.6486404e+04
   4.6486404e+04
   4.6486404e+04
   4.6486404e+04
   4.7892697e+04
   4.7892697e+04
   4.7892697e+04
   4.7892697e+04
   4.7892697e+04
   4.7892697e+04
   4.7892697e+04
   4.7892697e+04
   4.7892697e+04
   4.7892697e+04
   4.7892697e+04
   4.7892697e+04
   4.7892697e+04
   5.1642811e+04
   5.5392926e+04
   5.5392926e+04
   5.6641743e+04
   5.6641743e+04
   5.6641743e+04
   5.6641743e+04
   5.6641743e+04
   5.6641743e+04
   5.6641743e+04
   5.6641743e+04
   5.5314188e+04
   5.1719718e+04
   5.1719718e+04
   4.6993622e+04
   4.6993622e+04
   4.6993622e+04
   4.6993622e+04
   4.6993622e+04
   4.6993622e+04
   4.6993622e+04
   4.6993622e+04
   4.6993622e+04
   4.6993622e+04
   4.6993622e+04
   4.6993622e+04
   4.6993622e+04
   4.6993622e+04
   4.6993622e+04
   3.7737358e+04
   3.7737358e+04
   3.7737358e+04
   3.7737358e+04
   3.7737358e+04
   3.9337748e+04
   4.3673818e+04
   4.3673818e+04
   4.3673818e+04
   4.3673818e+04
   4.3673818e+04
   4.3673818e+04
   4.3673818e+04
   4.3673818e+04
   4.3673818e+04
   4.3673818e+04
   4.3673818e+04
   4.3673818e+04
   4.3673818e+04
   4.3673818e+04
   4.3673818e+04
   4.3673818e+04
   4.3673818e+04
   4.3673818e+04
   4.3673818e+04
   3.7502976e+04
   2.3478500e+04
   2.1682180e+04
   2.1682180e+04
   2.1682180e+04
   2.1682180e+04
   2.6994232e+04
   3.7151402e+04
   4.5235755e+04
   4.9454634e+04
   5.0705283e+04
   5.2463149e+04
   6.0000000e+04
   6.0000000e+04
   6.0000000e+04
   6.0000000e+04
   6.0000000e+04
   6.0000000e+04
   6.0000000e+04
   6.0000000e+04
   6.0000000e+04
   6.0000000e+04
   6.0000000e+04
   6.0000000e+04
   6.0000000e+04
   6.0000000e+04
   6.0000000e+04
   6.0000000e+04
   6.0000000e+04
   6.0000000e+04
   6.0000000e+04
   6.0000000e+04
   6.0000000e+04
   6.0000000e+04
   6.0000000e+04
   6.0000000e+04
   6.0000000e+04
   6.0000000e+04
   6.0000000e+04
   6.0000000e+04
   6.0000000e+04
   4.9298990e+04
   4.0744041e+04
   3.9220557e+04
   3.9220557e+04
   4.0471206e+04
   4.6993622e+04
   5.4142277e+04
   5.4142277e+04
   5.4142277e+04
   5.4142277e+04
   5.4142277e+04
   5.4142277e+04
   5.4142277e+04
   5.4142277e+04
   5.4142277e+04
   5.4142277e+04
   5.4142277e+04
   5.5510117e+04
   5.5510117e+04
   5.5510117e+04
   5.5510117e+04
   5.5510117e+04
   5.5510117e+04
   3.9533677e+04
   3.8048647e+04
   4.1485641e+04
   4.6173284e+04
   5.0079043e+04
   5.0079043e+04
   5.0079043e+04
   5.0079043e+04
   5.0079043e+04
   5.0079043e+04
   5.0079043e+04
   5.1329691e+04
   5.1329691e+04
   5.1329691e+04
   5.1329691e+04
   5.1329691e+04
   5.1329691e+04
   5.1329691e+04
   5.1329691e+04
   5.1329691e+04
   5.1329691e+04
   5.1329691e+04
   4.9767754e+04
   4.7072359e+04
   4.7072359e+04
   4.7072359e+04
   4.7072359e+04
   4.7072359e+04
   4.7072359e+04
   4.7072359e+04
   4.7072359e+04
   4.7072359e+04
   3.8557695e+04
   3.0158391e+04
   2.8830836e+04
   2.7462996e+04
   2.7462996e+04
   2.7462996e+04
   2.7462996e+04
   3.7697073e+04
   4.1994690e+04
   4.5783258e+04
   5.0430616e+04
   5.9064302e+04
   6.0000000e+04
   6.0000000e+04
   6.0000000e+04
   6.0000000e+04
   6.0000000e+04
   6.0000000e+04
   4.7228004e+04
   3.8674886e+04
   2.7228614e+04
   1.9847407e+04
   1.7190466e+04
   1.7190466e+04
   2.7658925e+04
   4.6642048e+04
   5.1836909e+04
   5.3360393e+04
   5.4845424e+04
   5.4845424e+04
   5.4845424e+04
   5.4845424e+04
   5.4845424e+04
   5.4845424e+04
   5.4845424e+04
   5.4845424e+04
   5.3243202e+04
   4.7110813e+04
   4.7110813e+04
   4.7110813e+04
   4.7110813e+04
   4.7110813e+04
   4.7110813e+04
   4.7110813e+04
   4.7110813e+04
   4.7110813e+04
   4.7110813e+04
   4.7110813e+04
   4.7110813e+04
   4.7110813e+04
   4.7110813e+04
   4.7110813e+04
   4.7110813e+04
   4.9806207e+04
   5.6682028e+04
   5.9102756e+04
   5.9102756e+04
   5.9102756e+04
   5.9102756e+04
   5.9102756e+04
   5.9102756e+04
   5.9102756e+04
   5.9102756e+04
   5.9102756e+04
   5.9102756e+04
   5.9102756e+04
   5.9102756e+04
   5.9102756e+04
   6.0000000e+04
   6.0000000e+04
   5.0392163e+04
   3.7893002e+04
   3.0002747e+04
   2.8166143e+04
   3.8986175e+04
   4.6603595e+04
   4.6603595e+04
   4.6603595e+04
   4.6603595e+04
   4.6603595e+04
   4.6603595e+04
   4.6603595e+04
   5.5118259e+04
   5.0939665e+04
   5.0939665e+04
   5.0939665e+04
   4.9103061e+04
   4.7579577e+04
   4.7579577e+04
   4.7579577e+04
   4.7579577e+04
   4.7579577e+04
   4.7579577e+04
   4.7658315e+04
   6.0000000e+04
   6.0000000e+04
   6.0000000e+04
   6.0000000e+04
   6.0000000e+04
   6.0000000e+04
   5.6954863e+04
   5.3790704e+04
   4.7579577e+04
   4.3049409e+04
   4.3049409e+04
   4.3049409e+04
   4.4494156e+04
   4.4494156e+04
   4.3888058e+04
   4.1915952e+04
   4.1915952e+04
   4.0548112e+04
   3.9601428e+04
   3.9381695e+04
   3.9275491e+04
   3.9079562e+04
   3.0158391e+04
   2.8089236e+04
   2.8089236e+04
   2.8089236e+04
   3.0588702e+04
   3.3635670e+04
   2.9334391e+03
   2.9334391e+03
   3.8048647e+04
   6.0000000e+04
   6.0000000e+04
   6.0000000e+04
   6.0000000e+04
   1.2971587e+04
  -0.0000000e+00
  -0.0000000e+00
   4.4166387e+03
   6.0000000e+04
   6.0000000e+04
   6.0000000e+04
   6.0000000e+04
   6.0000000e+04
   6.0000000e+04
   6.0000000e+04
  -0.0000000e+00
  -0.0000000e+00
  -0.0000000e+00
  -0.0000000e+00
  -0.0000000e+00
  -0.0000000e+00
  -0.0000000e+00
  -0.0000000e+00
  -0.0000000e+00
  -0.0000000e+00
  -0.0000000e+00
  -0.0000000e+00
  -0.0000000e+00
  -0.0000000e+00
  -0.0000000e+00
  -0.0000000e+00
  -0.0000000e+00
  -0.0000000e+00
  -0.0000000e+00
  -0.0000000e+00
  -0.0000000e+00
  -0.0000000e+00
  -0.0000000e+00
  -0.0000000e+00
  -0.0000000e+00
  -0.0000000e+00
  -0.0000000e+00
  -0.0000000e+00
  -0.0000000e+00
  -0.0000000e+00
  -0.0000000e+00
  -0.0000000e+00
  -0.0000000e+00
  -0.0000000e+00
  -0.0000000e+00
  -0.0000000e+00
  -0.0000000e+00
  -0.0000000e+00
  -0.0000000e+00
  -0.0000000e+00
  -0.0000000e+00
  -0.0000000e+00
  -0.0000000e+00
  -0.0000000e+00
  -0.0000000e+00
  -0.0000000e+00
  -0.0000000e+00
  -0.0000000e+00
  -0.0000000e+00
  -0.0000000e+00
  -0.0000000e+00
  -0.0000000e+00
  -0.0000000e+00
  -0.0000000e+00
  -0.0000000e+00
  -0.0000000e+00
  -0.0000000e+00
  -0.0000000e+00
  -0.0000000e+00
  -0.0000000e+00
  -0.0000000e+00
  -0.0000000e+00
  -0.0000000e+00
  -0.0000000e+00
  -0.0000000e+00
  -0.0000000e+00
  -0.0000000e+00
  -0.0000000e+00
  -0.0000000e+00
  -0.0000000e+00
  -0.0000000e+00
  -0.0000000e+00
  -0.0000000e+00
  -0.0000000e+00
  -0.0000000e+00
  -0.0000000e+00
  -0.0000000e+00
  -0.0000000e+00
  -0.0000000e+00
  -0.0000000e+00
  -0.0000000e+00
  -0.0000000e+00
  -0.0000000e+00
  -0.0000000e+00
  -0.0000000e+00
  -0.0000000e+00
  -0.0000000e+00
  -0.0000000e+00
  -0.0000000e+00
  -0.0000000e+00
  -0.0000000e+00
  -0.0000000e+00
  -0.0000000e+00
  -0.0000000e+00
  -0.0000000e+00
  -0.0000000e+00
  -0.0000000e+00
  -0.0000000e+00
  -0.0000000e+00
  -0.0000000e+00
  -0.0000000e+00
  -0.0000000e+00
  -0.0000000e+00
  -0.0000000e+00
  -0.0000000e+00
  -0.0000000e+00
  -0.0000000e+00
  -0.0000000e+00
  -0.0000000e+00
  -0.0000000e+00
  -0.0000000e+00
  -0.0000000e+00
  -0.0000000e+00
  -0.0000000e+00
  -0.0000000e+00
